26.65	7.8182	13.374	8.5994	19.593	75.671	141.34	193.85	116.92	25.442	3.9805	2.6365	58.276	58.718	32.481	14.661	85.572	31.806
27.828	7.7743	13.382	8.8129	19.593	76.437	142.33	201.2	123.28	26.957	4.1084	2.7558	62.703	62.318	32.56	14.767	85.783	31.733
24.045	7.1079	12.083	7.9208	17.99	74.088	133.28	169.04	102.68	23.261	3.7618	2.5077	54.512	54.164	29.945	13.579	78.75	29.175
25.312	7.2585	12.372	8.086	18.261	73.93	134.79	181.01	114.07	25.153	3.8585	2.62	58.886	57.569	30.085	13.694	78.896	29.286
22.438	6.6788	11.338	7.4364	16.627	72.925	126.91	156.92	93.865	21.781	3.5662	2.3982	51.141	50.796	27.814	12.686	72.939	27.104
23.533	6.8361	11.57	7.601	17.133	73.435	127.8	160.48	98.778	23.956	3.6775	2.5199	55.93	53.934	27.946	12.808	73.095	27.225
21.071	6.3102	10.65	7.006	15.67	71.747	121.71	147.13	88.677	20.637	3.3895	2.3139	48.089	47.756	26.072	11.911	68.129	25.424
22.175	6.4247	10.931	7.2337	16.167	72.416	122.06	151.03	93.748	22.56	3.5328	2.4297	52.823	51.048	26.161	12.03	68.238	25.523
19.983	5.965	10.067	6.6542	14.777	70.974	116.49	139.08	86.831	19.705	3.2552	2.2243	45.82	44.876	24.45	11.216	64.214	23.832
21.032	6.1453	10.342	6.8272	15.375	70.929	117.13	144.56	92.431	21.488	3.3946	2.337	50.657	48.275	24.553	11.324	63.829	23.915
18.799	5.7093	9.522	6.3039	14.007	70.012	112.82	130.99	79.675	18.912	3.1257	2.1485	43.266	42.594	23.06	10.603	59.873	22.426
19.962	5.8044	9.8173	6.5171	14.579	70.361	113.52	138.49	84.342	20.601	3.2302	2.2762	48.539	46.107	23.144	10.74	60.041	22.587
17.822	5.4532	9.1038	6.0283	13.321	62.229	104.57	125.91	75.903	17.675	3.0168	2.0819	41.589	40.419	21.826	10.075	56.602	21.243
19.03	5.5816	9.3802	6.2155	13.94	63.051	104.7	130.7	80.161	19.696	3.1395	2.215	46.605	43.968	22.023	10.199	57.061	21.36
15.229	4.5511	7.7189	5.1508	11.538	46.565	90.999	113.86	67.041	15.165	2.609	1.865	36.74	34.641	18.775	8.6787	49.025	18.266
16.289	4.7571	8.0313	5.3124	12.149	48.311	91.542	117.24	70.888	17.094	2.746	1.9444	41.924	37.806	18.875	8.7726	49.119	18.338
23.717	5.4143	9.1176	7.4996	12.014	37.248	69.675	95.743	60.472	18.678	3.2354	2.5963	36.79	40.459	18.85	8.7702	48.645	18.217
24.543	5.6654	9.4308	7.6664	12.498	37.555	70.049	97.362	63.427	19.669	3.4017	2.7109	40.234	42.624	18.99	8.8757	48.73	18.327
22.024	5.3	8.9044	7.0239	11.824	34.459	64.146	88.548	56.504	17.149	3.1041	2.4693	35.385	37.423	17.469	8.1715	44.908	16.878
22.981	5.4737	9.0542	7.1883	11.974	34.575	64.543	90.615	59.266	18.683	3.186	2.5764	38.581	39.856	17.588	8.2804	44.98	16.966
20.711	5.2043	8.5943	6.6725	11.496	31.836	59.745	83.113	53.66	16.138	2.9812	2.3609	33.657	34.972	16.285	7.6627	41.712	15.745
21.746	5.3456	8.7854	6.8326	12.182	32.373	60.058	85.989	56.182	17.518	3.1597	2.4865	37.131	37.33	16.409	7.7546	41.843	15.846
19.512	5.1	8.4502	6.356	11.624	29.981	55.624	77.255	50.749	15.268	2.8766	2.2725	32.5	32.828	15.29	7.2208	39.028	14.754
20.438	5.2057	8.5833	6.5144	12.135	30.412	56.318	80.026	54	16.663	3.0428	2.3742	35.719	35.162	15.402	7.3157	39.406	14.875
18.502	4.9877	8.19	6.0858	11.49	28.042	52.473	72.687	48.315	14.43	2.7937	2.1992	31.423	31.015	14.395	6.8423	36.655	13.902
19.491	5.1111	8.4406	6.2506	11.672	28.618	52.591	75.169	51.628	16.169	2.8894	2.3118	34.923	33.411	14.512	6.9393	36.79	14.023
17.642	4.8593	7.9955	5.8167	11.313	26.522	49.221	68.78	45.759	13.763	2.7413	2.1052	30.461	29.292	13.594	6.4713	34.541	13.106
18.548	5.0215	8.3236	5.9821	11.579	26.916	49.817	71.56	48.936	15.179	2.7965	2.2337	33.992	31.77	13.722	6.6068	34.661	13.255
16.755	4.7846	7.8936	5.5971	11.422	24.973	46.599	64.417	43.548	13.14	2.6311	2.067	29.61	27.799	12.883	6.1802	32.657	12.457
17.757	4.9039	8.0981	5.7824	11.478	25.55	47.22	67.26	46.705	14.848	2.7376	2.1893	33.23	30.376	13.027	6.2906	32.818	12.545
14.479	4.4803	7.152	4.9512	10.986	21.434	40.06	55.804	38.019	11.132	2.3779	1.8201	27.514	23.158	11.006	5.201	27.054	10.62
15.515	4.627	7.7274	5.0989	10.846	21.719	40.662	58.201	43.082	12.515	2.4789	1.9239	31.28	25.505	11.103	5.1536	27.735	10.695
24.248	7.0044	12.026	7.8272	17.652	30.063	50.172	68.41	48.791	16.706	3.3356	2.6129	38.315	34.229	14.694	6.8684	37.307	14.063
24.928	7.1564	12.237	7.9965	16.271	30.375	50.714	70.216	51.793	17.818	3.4219	2.7159	41.239	36.234	14.812	6.9667	37.435	14.195
22.491	6.631	11.209	7.3328	16.333	27.74	46.218	63.687	46.004	15.675	3.12	2.4694	35.79	31.79	13.609	6.3994	34.423	13.037
23.344	6.7433	11.451	7.5026	15.485	28.041	46.568	64.496	47.904	16.823	3.1249	2.5826	38.74	33.815	13.775	6.5165	34.562	13.158
20.859	5.9016	9.9185	6.9216	14.065	25.813	43.177	59.481	42.475	14.704	3.0161	2.362	33.616	29.876	12.703	5.9912	31.985	12.178
21.943	6.3604	10.75	7.1005	16.032	26.217	44.059	61.427	45.405	15.823	3.1437	2.4793	36.783	31.878	12.823	6.1384	32.384	12.307
19.721	5.8846	9.9649	6.5593	14.491	24.159	40.208	55.735	40.379	13.92	2.8679	2.2692	30.934	28.006	11.956	5.6703	29.935	11.446
20.641	6.0577	10.221	6.7266	15.123	24.607	40.772	57.64	43.09	15.182	2.9871	2.4104	35.007	30.16	12.072	5.7913	30.086	11.55
18.671	5.4155	9.4474	6.2527	13.042	22.773	38.103	52.004	38.325	13.222	2.8425	2.1955	30.309	26.47	11.291	5.3861	28.169	10.809
19.62	5.7908	9.6885	6.4379	14.408	23.164	38.301	54.45	40.614	14.49	2.9167	2.3221	33.456	28.631	11.364	5.5072	28.317	10.917
17.651	5.3742	8.6978	5.9781	13.082	21.417	35.898	49.405	36.113	12.543	2.7452	2.1093	28.93	24.993	10.687	5.1207	26.563	10.202
18.63	5.3665	9.2446	6.1246	13.685	21.974	36.076	50.982	39.322	13.827	2.8425	2.2726	32.09	27.24	10.764	5.2269	26.624	10.3
16.774	4.9617	8.6078	5.706	12.525	20.303	33.713	46.461	34.201	12.007	2.6275	2.0693	27.313	23.734	10.119	4.8957	25.119	9.7109
17.818	5.3327	8.8434	5.8883	13.127	20.854	34.274	49.881	37.213	13.284	2.6907	2.1907	31.005	26.089	10.23	5.0426	25.256	9.8332
14.153	4.3337	7.3388	4.9903	10.907	17.461	29.195	39.961	29.721	10.351	2.345	1.8389	24.319	20.482	8.6598	4.2649	21.473	8.2658
15.305	4.4866	7.6776	5.0792	11.404	17.972	29.907	42.066	32.139	11.46	2.4618	1.9342	27.617	22.086	8.7858	4.3592	21.58	8.3962
22.502	5.3749	8.7336	7.154	11.838	25.802	39.745	54.198	39.432	15.315	3.0404	2.603	31.429	30.95	11.04	5.5917	30.147	11.419
23.447	5.5297	9.0835	7.3136	12.15	26.107	40.152	55.123	41.838	16.522	3.1908	2.682	34.087	32.955	11.091	5.6538	30.387	11.62
21.667	5.2855	8.6884	6.9607	11.647	24.183	36.939	50.378	36.979	14.391	2.9659	2.4818	29.767	29.042	10.618	5.2433	27.932	10.626
22.528	5.3394	8.9537	7.065	11.951	24.576	37.283	51.603	39.629	15.62	3.013	2.6077	32.46	31.067	10.682	5.4266	28.021	10.791
20.89	5.1115	8.3971	6.5782	11.478	22.832	34.368	46.886	34.837	13.687	2.8582	2.3718	28.522	27.468	10.168	5.0661	25.908	9.9825
21.842	5.3131	8.7959	6.8924	11.917	23.183	34.809	48.32	37.449	14.8	2.9548	2.5175	31.284	29.545	10.307	5.1776	26.17	10.131
20.311	5.0895	8.4511	6.5465	11.429	21.636	32.143	44.425	33.44	13.045	2.8218	2.3232	27.49	26.07	9.8656	4.8335	24.336	9.3837
21.366	5.2564	8.7002	6.7055	11.902	22.098	32.767	45.031	35.954	14.236	2.8647	2.4102	30.26	28.191	9.9674	4.9053	24.398	9.5078
19.752	5.0282	8.2284	6.4098	11.296	20.691	30.41	42.004	32.29	12.479	2.7308	2.2569	26.523	24.86	9.5169	4.6347	22.884	8.9325
20.706	5.146	8.5245	6.5495	11.896	21.151	30.953	43.546	34.127	13.712	2.7918	2.3373	29.767	27.02	9.6557	4.8098	23.028	8.9924
19.107	4.9493	8.2048	6.2495	11.246	19.707	28.728	39.425	30.393	12.017	2.6451	2.1816	25.585	23.759	9.1769	4.4974	21.564	8.4532
20.166	5.0739	8.4613	6.4409	11.821	20.197	29.13	41.206	33.403	13.336	2.7628	2.2731	28.619	25.838	9.4354	4.6065	21.764	8.5665
18.687	4.9272	8.1615	6.1875	11.163	18.904	27.164	37.755	29.421	11.578	2.6274	2.0993	24.933	22.774	8.8159	4.3062	20.518	8.0881
19.758	5.0328	8.3702	6.3354	11.743	19.439	27.749	39.384	31.635	12.833	2.7036	2.2518	27.973	24.957	8.8796	4.4439	20.649	8.1383
17.459	4.7123	7.8637	5.8106	10.953	16.855	23.591	32.805	25.606	10.286	2.4579	1.9329	22.231	19.808	8.0867	3.8533	17.574	6.88
18.56	4.7839	8.0322	5.8926	11.499	17.369	24.067	34.021	28.461	11.408	2.5325	2.0097	25.651	21.784	8.2198	4.016	17.74	7.042
22.407	5.2675	8.7339	7.0995	11.721	23.602	33.831	45.622	35.013	14.722	3.0136	2.5878	30.26	29.145	9.5587	4.8946	26.785	10.142
23.32	5.4678	9.0856	7.3146	12.258	23.975	34.174	46.707	37.184	15.956	3.0989	2.6932	33.098	31.264	9.6989	4.9902	26.901	10.225
21.586	5.2807	8.6679	6.8829	11.545	22.141	31.337	42.133	33.436	13.838	2.9071	2.4951	28.624	27.355	9.1923	4.7338	24.771	9.4757
22.47	5.3467	8.9033	7.0464	12.08	22.57	31.735	43.727	35.641	15.092	2.995	2.58	31.657	29.444	9.3803	4.8487	24.935	9.4954
20.793	5.1543	8.5671	6.6989	11.489	20.96	29.207	39.826	31.476	13.177	2.819	2.4126	27.574	25.904	9.0702	4.5286	23.137	8.8762
21.794	5.2213	8.7706	6.8727	11.973	21.363	29.71	41.311	33.941	14.316	2.9133	2.499	30.392	28.176	9.1943	4.6263	23.22	9.0164
20.196	5.0254	8.3965	6.54	11.381	19.918	27.493	37.503	29.984	12.583	2.7619	2.3228	26.519	24.635	8.8772	4.403	21.674	8.3692
21.094	5.1079	8.655	6.7004	11.91	20.331	27.996	38.873	32.466	13.782	2.8211	2.4521	29.464	26.608	8.96	4.5104	21.722	8.5386
19.668	5.0129	8.3188	6.3604	11.224	18.943	26.069	35.644	28.858	12.048	2.6912	2.2625	25.581	23.525	8.7907	4.1891	20.395	7.9125
20.603	5.1684	8.5938	6.5548	11.814	19.464	26.391	37.163	31.463	13.195	2.8097	2.3804	28.533	25.461	8.8601	4.3312	20.561	8.0347
19.192	4.9516	8.1664	6.2227	10.961	18.173	24.465	33.229	27.237	11.591	2.6513	2.1946	24.737	22.421	8.5065	4.0747	19.193	7.5447
20.108	5.078	8.4656	6.4098	11.566	18.56	24.98	35.242	29.93	12.739	2.7029	2.2974	27.817	24.467	8.6281	4.1936	19.398	7.6168
18.672	4.8421	8.0718	6.1457	11.175	17.52	23.25	32.382	25.852	11.109	2.6282	2.135	24.032	21.566	8.1419	3.9907	18.276	7.2646
19.714	4.9908	8.3447	6.2828	11.687	17.998	23.856	33.657	29.091	12.297	2.6476	2.2576	27.063	23.656	8.2441	4.1213	18.453	7.3401
17.53	4.7639	7.8321	5.6987	10.896	15.526	20.226	28.021	23.309	9.9035	2.4235	1.9277	21.794	19.002	7.3168	3.6365	15.647	6.2885
18.428	4.9146	7.9639	5.8762	11.151	16.017	20.709	29.057	25.835	11.092	2.4487	2.0511	25.175	20.994	7.425	3.6829	15.853	6.346
22.392	5.3715	8.7314	7.1562	11.742	21.64	28.863	38.966	32.513	14.315	3.0221	2.5863	29.719	27.967	9.1948	4.5138	26.604	10.073
23.276	5.4152	9.1598	7.2719	12.155	22.097	29.205	40.274	35.016	15.485	3.122	2.6993	32.613	29.948	9.353	4.6255	26.708	10.156
21.519	5.2483	8.5544	6.9056	11.642	20.597	27.239	36.912	30.473	13.53	2.8905	2.4805	28.334	26.299	8.8561	4.3615	24.686	9.284
22.399	5.329	8.9713	7.0688	12.018	20.937	27.531	37.808	33.299	14.659	2.9719	2.6016	31.089	28.302	9.0538	4.4417	24.78	9.4673
20.813	5.1416	8.3968	6.7111	11.498	19.666	25.811	34.823	29.061	12.859	2.8154	2.3827	27.01	24.898	8.5247	4.2478	23.025	8.7759
21.729	5.2115	8.8176	6.8509	12.002	20.017	26.292	36.15	31.444	14.034	2.9134	2.4887	30.042	26.972	8.6443	4.3363	23.129	8.8557
20.216	5.0076	8.4195	6.5508	11.449	18.763	24.353	33.227	27.717	12.253	2.7342	2.3466	26.028	23.646	8.2122	4.0479	21.55	8.3178
21.106	5.2026	8.6452	6.696	11.91	19.19	24.808	34.542	30.012	13.6	2.8861	2.4171	28.848	25.699	8.4251	4.1509	21.677	8.3819
19.612	4.9801	8.2553	6.4413	11.315	18.038	23.299	31.581	26.367	11.731	2.7028	2.2259	25.162	22.606	7.8947	3.967	20.228	7.8566
20.531	5.1562	8.5416	6.5224	11.802	18.434	23.704	32.787	28.87	12.973	2.7796	2.3788	28.064	24.634	7.9624	4.0758	20.337	7.942
19.12	4.9312	8.3529	6.246	11.273	17.26	21.966	29.804	25.384	11.278	2.6402	2.1746	24.122	21.586	7.6975	3.8407	19.123	7.4762
20.081	5.1229	8.4886	6.4058	11.582	17.739	22.718	31.331	27.814	12.496	2.7562	2.272	27.2	23.712	7.8496	3.9443	19.209	7.5848
18.705	4.9304	8.1682	6.1367	11.16	16.675	20.985	28.431	24.538	10.829	2.6159	2.1371	23.142	20.755	7.6185	3.7252	18.09	7.1037
19.662	5.0726	8.3519	6.3153	11.669	17.174	21.567	30.04	26.948	12.092	2.6662	2.2667	26.579	22.829	7.6053	3.8549	18.255	7.2567
17.522	4.7224	7.8321	5.7371	10.911	14.934	18.606	25.327	21.906	9.6986	2.438	1.9352	21.411	18.328	7.2784	3.3357	15.562	6.1454
18.367	4.845	7.8813	5.9301	11.457	15.466	19.205	26.909	24.525	10.782	2.5298	2.0565	24.75	20.184	7.3924	3.5277	15.674	6.3053
22.361	5.3423	8.8365	7.1433	11.663	20.46	25.763	34.746	30.387	14.109	3.0033	2.5886	28.895	27.23	8.4229	4.2266	23.49	8.9045
23.243	5.4293	9.0445	7.3515	12.426	20.842	26.169	35.759	32.747	15.27	3.0462	2.6897	31.908	29.153	8.4279	4.3655	23.576	8.9512
21.477	5.1899	8.3982	6.8942	11.428	19.55	24.384	32.657	28.311	13.285	2.8881	2.4917	27.363	25.523	8.0367	4.1077	21.727	8.2594
22.46	5.3414	8.8754	7.0802	11.991	19.898	24.901	34.076	31.054	14.504	2.9663	2.5913	30.739	27.542	8.1151	4.154	21.842	8.325
20.813	5.062	8.5027	6.694	11.334	18.709	23.15	31.437	27.401	12.63	2.8653	2.3933	26.37	24.159	7.9049	3.9608	20.316	7.7147
21.663	5.2717	8.6815	6.8519	11.877	19.143	23.695	32.485	29.628	13.819	2.8956	2.5282	29.638	26.224	8.0568	4.0324	20.358	7.8584
20.123	5.0311	8.3547	6.5372	11.324	17.979	21.978	29.841	25.994	12.042	2.725	2.3555	25.535	22.967	7.8633	3.8003	18.978	7.3609
21.077	5.3392	8.5161	6.6766	11.691	18.474	22.694	30.987	28.536	13.3	2.7835	2.407	28.671	25.012	8.0778	3.97	19.103	7.412
19.58	4.9443	8.109	6.3702	11.133	17.267	21.056	28.273	25.132	11.504	2.655	2.2076	24.565	21.977	7.6854	3.7081	17.843	6.9305
20.573	5.1222	8.4561	6.556	11.805	17.795	21.572	29.782	27.257	12.79	2.8415	2.3588	27.73	24.024	7.7668	3.8855	18.048	7.097
19.064	4.8885	7.9441	6.2355	11.18	16.697	20.073	27.122	23.825	11.056	2.6777	2.2134	23.755	20.923	7.4666	3.6771	16.943	6.6037
20.085	5.0483	8.2706	6.4833	11.621	17.147	20.699	28.348	26.71	12.261	2.7872	2.3137	26.978	23.078	7.6468	3.7039	17.023	6.7942
18.701	4.8916	8.04	6.0677	11.166	16.17	19.305	26.047	23.035	10.717	2.6874	2.1494	23.049	20.155	7.3711	3.5243	16.045	6.4656
19.715	5.0703	8.3132	6.2971	11.598	16.626	19.943	27.468	26.017	11.948	2.6746	2.2669	26.261	22.63	7.4758	3.6919	16.218	6.4151
17.548	4.6332	7.8058	5.7966	10.746	14.757	17.08	23.31	20.736	9.4859	2.4217	1.9564	20.517	17.587	6.7666	3.248	13.833	5.4601
18.307	4.8377	8.0155	5.9465	11.39	15.005	17.868	24.363	23.088	10.642	2.4382	2.0433	24.279	19.697	6.7108	3.3512	13.832	5.6023
22.52	5.302	8.6966	7.1531	11.274	19.623	23.512	31.471	28.62	13.895	2.9676	2.5765	28.66	26.583	7.9906	4.0257	23.393	8.7652
23.14	5.3637	9.0787	7.3232	11.862	20.027	23.97	32.622	31.351	15.142	3.0356	2.7034	31.591	28.605	8.0948	4.1537	23.774	8.885
21.435	5.1201	8.3448	6.8865	11.262	18.791	22.338	29.885	27.244	13.149	2.9616	2.5085	27.121	24.985	7.7957	3.8902	21.78	8.1846
22.441	5.3217	8.8621	7.0314	11.682	19.148	22.777	31.437	29.825	14.309	2.9652	2.6107	30.542	26.99	7.8913	4.0391	21.983	8.4245
20.803	5.0983	8.4762	6.6995	11.34	18.033	21.332	28.496	25.968	12.449	2.8114	2.3902	26.28	23.617	7.5144	3.7737	20.391	7.7634
21.69	5.2467	8.6484	6.953	11.48	18.499	21.883	29.74	28.403	13.639	2.8931	2.5016	29.339	25.714	7.6067	3.9015	20.553	7.8429
20.156	5.0101	8.3475	6.5246	11.142	17.285	20.36	27.47	24.851	11.868	2.721	2.3396	25.184	22.47	7.2955	3.6372	19.067	7.377
21.071	5.1064	8.5394	6.7204	11.401	17.807	20.84	28.518	27.401	13.109	2.83	2.4359	28.153	24.578	7.5369	3.8166	19.194	7.3923
19.584	4.9816	8.1017	6.3485	10.997	16.684	19.454	26.03	23.825	11.395	2.6893	2.2473	24.292	21.46	7.2306	3.5961	17.974	6.9917
20.516	5.1888	8.4217	6.5346	11.55	17.156	20.018	27.444	26.1	12.67	2.7509	2.4028	27.205	23.59	7.3457	3.7081	18.091	7.0543
19.121	4.9007	8.0326	6.2453	10.736	16.135	18.547	24.732	22.906	10.909	2.5732	2.1443	23.366	20.473	7.0566	3.4569	17.041	6.6223
20.026	5.0066	8.3325	6.4446	11.51	16.652	19.308	26.274	25.455	12.165	2.6789	2.287	26.448	22.658	7.169	3.6242	17.201	6.7772
18.685	4.8465	8.0039	6.1189	10.822	15.592	17.941	23.832	21.953	10.524	2.5479	2.1629	22.715	19.938	6.9519	3.4405	16.172	6.2935
19.621	4.9826	8.2796	6.2397	11.52	16.087	18.675	25.432	24.405	11.781	2.6682	2.2906	25.781	21.854	7.0415	3.5563	16.231	6.4475
17.124	4.6618	7.726	5.7661	10.682	14.243	16.103	21.449	19.321	9.3026	2.3951	1.905	19.755	17.027	6.539	3.141	13.734	5.5361
18.113	4.8804	7.8884	5.8946	11.087	14.622	16.403	22.833	21.813	10.456	2.4813	2.0541	23.601	19.152	6.6632	3.1263	13.779	5.5977
22.289	5.2254	8.2482	7.1041	11.15	19.046	21.751	29.084	27.427	13.737	2.9613	2.5881	28.423	26.085	7.9283	3.9669	23.158	8.6935
23.184	5.3803	9.0991	7.2335	11.562	19.439	22.253	29.952	29.986	14.984	3.0368	2.7137	31.511	28.169	8.0623	4.0492	23.288	8.7733
21.46	5.1423	8.4626	6.8806	11.064	18.262	20.791	27.756	26.14	12.959	2.86	2.4705	26.736	24.535	7.7561	3.7587	21.454	8.0873
22.311	5.1944	8.6234	7.0677	11.406	18.63	21.289	29	28.536	14.188	2.9411	2.5954	29.865	26.622	7.8107	3.8963	21.667	8.2329
20.732	5.0671	8.2724	6.7286	11.024	17.494	19.879	26.557	24.747	12.314	2.7741	2.3941	25.609	23.454	7.4776	3.6578	20.04	7.6148
21.594	5.1533	8.5637	6.8584	11.366	17.899	20.54	27.826	27.526	13.581	2.8576	2.5166	28.721	25.32	7.5647	3.7679	20.149	7.7314
20.071	4.9578	8.115	6.5314	10.896	16.858	19.064	25.493	23.668	11.745	2.7286	2.3373	24.879	22.085	7.1999	3.5771	18.885	7.2042
21.048	5.1035	8.5163	6.7011	11.175	17.238	19.537	26.708	26.196	13.034	2.8472	2.4144	27.641	24.216	7.2927	3.7158	18.95	7.3918
19.536	4.8818	8.002	6.4108	10.662	16.224	18.158	24.365	22.769	11.294	2.672	2.2441	23.798	21.059	7.0995	3.4654	17.751	6.8815
20.456	5.0258	8.3379	6.5588	11.154	16.806	18.992	25.751	25.325	12.504	2.7818	2.3522	26.929	24.663	7.2077	3.6137	18.155	6.9863
19.105	4.8332	8.1094	6.2282	10.594	15.732	17.439	23.205	21.684	10.814	2.6384	2.1784	22.849	20.164	6.8486	3.3619	16.83	6.5009
19.975	5.0149	8.2073	6.4001	11.21	16.204	17.993	24.54	24.519	12.069	2.7304	2.2955	26.051	22.367	6.9969	3.5322	16.909	6.579
18.653	4.7696	7.8033	6.1194	10.738	15.244	16.996	22.74	21.063	10.394	2.575	2.1299	22.204	19.403	6.7075	3.3216	15.838	6.259
19.659	4.8875	8.062	6.295	11.169	15.828	17.793	25.26	23.42	11.723	2.6937	2.2804	25.511	21.585	6.824	3.3973	16.046	6.3785
17.161	4.6182	7.5189	5.7866	10.52	13.932	15.307	20.563	18.601	9.0415	2.4153	1.985	19.681	16.773	6.3518	2.9622	13.37	5.3636
17.818	4.7445	7.7346	5.8523	11.054	14.541	16.241	22.783	20.825	10.081	2.5304	2.0453	22.862	18.606	6.5033	3.1483	13.66	5.5229
22.63	5.1531	8.3636	7.1138	10.888	18.617	20.672	27.551	26.52	13.595	2.9468	2.5844	27.81	25.696	7.4124	3.789	20.167	7.5523
23.281	5.2664	8.7098	7.3231	11.179	18.897	20.976	29.098	29.187	14.879	3.0279	2.7277	30.928	27.839	7.5679	3.8907	20.405	7.6222
21.415	5.0219	8.1337	6.8878	10.813	17.807	19.571	26.234	25.097	12.841	2.865	2.5156	26.215	24.129	7.1931	3.7031	18.615	7.0741
22.501	5.0916	8.6932	7	11.202	18.196	20.303	27.958	27.789	14.092	2.9445	2.6158	29.585	26.26	7.2652	3.7933	18.915	7.1355
20.681	5.0419	7.9351	6.6603	10.53	17.138	18.91	25.319	23.937	12.198	2.7915	2.3895	25.401	22.866	6.9297	3.5484	17.461	6.594
21.714	5.1048	8.3371	6.859	11.119	17.659	19.731	27.279	26.402	13.455	2.8949	2.5181	28.326	25.008	7.0627	3.7007	17.516	6.7578
20.069	4.8158	7.9862	6.5193	10.63	16.537	18.14	24.275	22.8	11.589	2.7167	2.3667	24.242	21.753	6.82	3.4633	16.355	6.312
21.068	5.0526	8.2583	6.6968	10.861	16.966	18.755	25.769	25.23	12.905	2.7824	2.438	27.303	23.921	6.9208	3.5915	16.417	6.4184
19.511	4.8992	8.0587	6.4252	10.202	15.962	17.372	23.328	21.948	11.156	2.6297	2.2443	23.452	20.789	6.6428	3.4341	15.423	5.9553
20.524	4.9742	8.0542	6.5638	10.798	16.427	18.235	25.134	24.478	12.453	2.7729	2.3252	26.728	22.956	6.7704	3.5009	15.542	6.0164
19.025	4.7241	7.7894	6.2391	10.15	15.436	16.794	22.442	21.25	10.742	2.6115	2.1784	22.449	19.867	6.5034	3.2891	14.569	5.7529
19.911	4.9373	8.0856	6.3872	11.079	15.945	17.481	24.046	23.421	12.002	2.6909	2.312	25.538	22.045	6.6402	3.4499	14.645	5.8481
18.658	4.6817	7.6783	6.0889	10.308	15.037	16.374	21.946	20.653	10.352	2.5993	2.1294	21.985	19.131	6.4208	3.192	13.819	5.4605
19.66	4.9326	7.8862	6.367	10.969	15.564	16.694	22.953	22.928	11.618	2.6987	2.2563	24.911	21.322	6.5247	3.3054	13.963	5.6413
17.049	4.56	7.3714	5.7537	10.168	13.682	14.958	19.349	17.97	8.7336	2.436	1.9821	18.705	16.062	6.0771	2.9055	11.638	4.7239
17.833	4.6644	7.5214	5.9273	10.479	14.162	15.458	21.325	20.205	10.068	2.4985	2.0488	22.149	18.124	6.1665	3.0746	11.88	4.8325
22.236	5.2008	8.3222	7.1397	10.84	18.199	19.756	25.972	25.69	13.475	2.9851	2.6166	27.638	25.314	7.0124	3.7013	20.223	7.4896
23.172	5.3061	8.5885	7.3169	11.173	18.583	19.974	27.366	28.306	14.829	3.0397	2.662	31.019	27.531	7.2474	3.7989	20.31	7.6308
21.468	5.0057	8.1667	6.9077	10.743	17.465	18.619	24.563	24.66	12.68	2.8798	2.48	26.057	23.812	6.823	3.6077	18.677	6.9828
22.334	5.1553	8.4325	7.1217	11.171	17.858	19.24	26.073	26.915	14.057	2.939	2.5988	29.226	25.997	7.007	3.7658	18.808	7.133
20.674	4.9849	8.1235	6.6953	10.596	16.81	17.991	23.704	23.138	12.205	2.7897	2.3732	24.966	22.547	6.9072	3.5096	17.393	6.5691
21.525	5.0815	8.4748	6.9161	11.051	17.24	18.528	25.342	25.734	13.417	2.9137	2.5183	28.154	24.783	6.9265	3.5933	17.589	6.7492
20.086	4.8316	7.9399	6.5284	10.601	16.269	17.324	22.794	22.148	11.528	2.7005	2.3295	24.12	21.46	6.6194	3.4215	16.41	6.3077
20.95	5.0147	8.2797	6.6603	11.23	16.731	17.83	24.41	24.593	12.856	2.7997	2.4126	27.277	23.682	6.8042	3.5483	16.528	6.3917
19.558	4.8329	7.9283	6.3831	10.302	15.725	16.705	21.988	21.235	11.041	2.6612	2.2571	23.102	20.545	6.5207	3.2608	15.441	6.0211
20.471	5.0286	8.0723	6.5415	10.968	16.176	17.226	23.397	23.936	12.387	2.8127	2.415	26.138	22.762	6.6831	3.4238	15.623	6.1084
18.996	4.7355	7.7441	6.2401	10.447	15.161	16.076	21.358	20.369	10.63	2.6222	2.1883	22.205	19.644	6.4095	3.2266	14.779	5.6879
19.944	4.9327	7.9816	6.3568	10.68	15.689	16.453	22.494	23.105	11.965	2.6746	2.2969	25.351	21.878	6.5401	3.3838	14.673	5.7602
18.681	4.6718	7.7292	6.1039	10.087	14.89	15.561	20.789	19.836	10.231	2.5449	2.1105	21.872	18.907	6.3746	3.1568	13.862	5.5199
19.683	4.954	7.9936	6.3678	11.06	15.311	16.094	21.926	22.191	11.567	2.6708	2.2791	24.774	21.12	6.4863	3.2809	14.023	5.6064
16.834	4.6515	7.363	5.776	10.114	13.624	14.201	18.685	17.044	8.5982	2.3382	1.931	18.33	15.809	6.0447	2.9389	11.662	4.6661
17.717	4.76	7.5791	5.8874	10.59	14.12	14.804	20.086	19.636	9.8528	2.4257	2.0606	22.021	17.863	6.1213	2.9402	11.746	4.8261
22.233	5.1086	8.4986	7.1127	10.623	17.857	18.705	24.545	25.021	13.383	2.9578	2.5745	27.51	25.062	6.7899	3.6735	20.257	7.6078
23.158	5.2414	8.6846	7.2921	11.245	18.318	19.2	26.047	27.763	14.732	3.0535	2.7091	30.555	27.313	6.9114	3.7414	20.36	7.6331
21.39	5.1022	8.1264	6.8833	10.882	17.134	17.825	23.65	23.821	12.669	2.8605	2.466	25.869	23.597	6.7088	3.575	18.785	7.0808
22.316	5.221	8.529	7.1044	10.914	17.572	18.449	24.921	26.39	14.002	2.9376	2.5945	29.164	25.803	6.8522	3.6132	18.933	7.1572
20.734	4.9393	8.0465	6.7428	10.825	16.474	17.255	22.739	22.722	12.042	2.8576	2.3933	25.13	22.36	6.6235	3.3996	17.601	6.7596
21.572	5.1575	8.3699	6.8713	10.935	16.997	17.809	24.063	25.338	13.379	2.8796	2.5084	28.128	24.883	6.774	3.5864	17.647	6.7221
20.06	4.9028	7.9308	6.5203	12.002	15.983	16.454	21.818	21.703	11.52	2.7155	2.3135	24.005	21.277	6.5518	3.3157	16.375	6.3558
20.993	5.0079	8.1813	6.7628	11.003	16.425	17.051	23.12	24.307	12.801	2.7689	2.4348	26.954	23.536	6.6133	3.4517	16.871	6.3651
19.558	4.7691	7.8404	6.3766	10.294	15.455	16.072	20.994	20.761	11.06	2.62	2.2531	22.893	20.359	6.4484	3.2874	15.542	6.0412
20.418	4.9746	8.0429	6.5994	10.85	15.944	16.586	22.51	23.423	12.324	2.7863	2.3648	26.474	22.581	6.5468	3.3709	15.544	6.0284
19.069	4.8082	7.9283	6.2706	10.326	14.957	15.336	20.212	20.514	10.571	2.6165	2.1641	22.251	19.452	6.3493	3.1382	14.717	5.7106
20.105	4.9511	7.9684	6.41	10.676	15.542	16.067	21.707	22.565	11.954	2.6887	2.3412	25.255	21.709	6.4935	3.304	14.847	5.7757
18.604	4.6976	7.6724	6.1379	10.09	14.631	14.881	19.683	19.51	10.192	2.5298	2.1346	21.425	18.758	6.3045	3.1041	13.946	5.4848
19.554	4.9931	8.7448	6.3091	10.889	15.164	15.462	21.148	21.954	11.511	2.6459	2.2751	24.546	21.045	6.4087	3.2162	13.997	5.6301
16.844	4.4713	7.4457	5.7332	9.9626	13.121	13.638	18.118	16.639	8.6686	2.4131	1.903	18.235	15.814	6.0057	2.8422	11.633	4.7168
17.67	4.675	7.645	5.899	10.341	13.843	14.161	19.442	18.918	9.8304	2.444	2.003	21.748	17.785	6.1797	2.9123	11.712	4.8261
23.399	6.6517	11.233	7.761	16.049	17.822	18.183	23.983	26.295	13.765	3.0963	2.6785	31.621	25.12	7.7039	3.6362	22.757	8.2587
23.754	6.5727	11.303	7.8855	16.362	18.372	19.769	26.026	28.875	14.649	3.1515	2.653	33.944	26.606	7.7919	3.6918	23.506	8.232
22.357	6.4115	11.052	7.4904	15.881	17.143	17.685	23.352	25.382	12.842	2.9366	2.526	30.394	23.556	7.1473	3.4945	22.389	7.5442
22.894	6.7145	11.153	7.5202	16.232	17.815	19.043	25.345	27.491	13.954	3.1291	2.5061	32.845	25.062	6.9038	3.5087	22.343	7.4322
21.612	6.37	10.908	7.1236	15.81	16.677	17.161	22.524	24.129	12.376	3.0428	2.4628	29.223	22.244	7.2375	3.4307	19.429	6.685
22.172	5.9793	10.871	7.326	15.918	17.213	18.148	24.195	26.53	13.526	3.1007	2.4472	31.667	23.797	6.6944	3.3678	18.983	6.8515
20.915	6.291	10.669	6.9827	15.573	16.235	16.305	21.531	23.116	12.167	3.0136	2.4507	28.491	21.251	7.4736	3.2898	16.988	6.3781
21.629	6.3547	9.9576	7.0599	15.933	16.623	17.507	23.961	25.547	13	2.9598	2.4206	30.682	22.786	7.4004	3.3148	18.381	6.4017
20.556	6.251	10.547	6.8829	15.492	15.648	16.115	21.355	22.643	12.023	2.9271	2.3353	27.845	20.711	6.825	3.3781	16.227	6.5235
20.875	6.4066	10.793	6.951	16.011	16.237	17.045	22.883	24.394	12.274	2.9799	2.2791	29.767	22.218	6.972	3.1887	16.679	6.2901
20.082	6.3392	10.564	6.7021	15.595	14.958	15.559	20.193	22.053	10.863	2.824	2.3212	26.566	19.462	6.7319	3.2125	17.01	5.7778
20.668	6.3725	10.749	6.9295	15.917	15.748	16.418	22.73	24.201	12.334	2.9173	2.2611	29.431	21.688	7.0158	3.2	16.921	5.7531
19.437	6.2766	10.465	6.7322	15.44	14.85	15.519	19.908	20.832	10.589	2.7949	2.2104	26.306	18.897	6.8492	3.1093	14.494	5.5863
20.247	6.341	10.593	6.8094	15.85	15.255	16.422	21.883	23.35	11.567	2.8911	2.2109	29.232	20.283	6.8998	3.0791	15.492	6.0055
18.294	5.9458	10.103	6.3031	15.211	13.455	14.183	18.404	19.71	8.8638	2.5136	2.022	24.493	16.199	6.4914	2.862	13.819	5.0874
18.936	6.0894	9.9039	6.3682	15.599	14.34	14.673	20.399	20.337	10.833	2.5516	2.0079	25.776	17.986	6.38	2.8706	13.834	4.9864
23.173	6.846	11.716	7.7881	17.034	17.632	18.078	23.717	26.839	13.925	3.256	2.6639	31.765	24.728	7.3204	3.5899	22.631	7.8695
23.517	6.9169	11.707	7.7914	17.265	18.358	19.519	25.188	28.724	14.283	3.2127	2.6117	34.493	25.857	7.6675	3.5301	22.71	8.4088
22.671	6.8268	11.504	7.5806	16.876	17.104	17.326	22.942	25.306	13.008	3.1693	2.5362	30.783	23.31	7.294	3.4541	20.314	7.1964
22.996	6.8666	11.571	7.6118	17.101	17.838	18.883	25.135	27.173	13.776	3.1629	2.5296	33.083	24.492	6.9793	3.4291	20.415	7.4197
21.797	6.787	11.344	7.3653	16.714	16.638	17.437	21.728	24.605	12.421	3.0923	2.466	30.038	22.536	6.651	3.3475	18.058	6.6852
22.24	6.802	11.446	7.3731	16.988	17.418	18.28	24.159	26.068	13.204	3.0329	2.4425	32.014	23.278	6.6931	3.3045	20.534	7.1397
21.165	6.7332	11.269	7.1727	16.673	15.962	16.535	21.589	23.502	11.873	3.017	2.4511	29.709	21.086	7.0399	3.2811	17.901	6.3542
21.699	6.7134	11.339	7.1929	16.872	16.823	18.014	23.184	25.387	13.074	2.9739	2.3255	31.782	22.819	7.5144	3.2327	17.627	6.3285
20.633	6.6637	11.216	7.0326	16.538	15.592	15.693	21.18	22.193	11.725	3.0236	2.3251	28.546	20.36	6.8924	3.2132	15.979	6.1142
20.93	6.6279	11.202	7.106	16.916	16.398	17.668	22.846	25.36	12.174	2.9701	2.2935	31.269	22.253	7.1976	3.1663	16.119	6.1032
20.18	6.5828	11.082	6.9297	16.648	15.298	15.64	19.692	22.075	11.743	2.9566	2.3081	27.428	20.637	6.7841	3.153	15.331	5.8476
20.681	6.6159	11.146	6.9589	16.793	16.201	17.129	22.458	23.721	11.739	3.0029	2.2413	29.28	21.353	6.5724	3.1379	16.939	5.7662
19.72	6.5797	10.7	6.8242	16.465	15.104	15.502	19.583	20.933	11.48	2.9157	2.213	27.866	18.776	6.8206	3.0841	14.202	5.8411
20.26	6.5435	11.388	6.8666	16.753	15.84	16.635	22.216	23.213	11.657	2.8706	2.2199	30.118	21.238	7.1135	3.0647	14.553	5.6446
19.09	6.3651	10.778	6.4026	16.265	14.044	14.288	19.128	18.984	9.9943	2.6503	2.0002	23.442	16.841	6.6277	2.8478	13.615	4.8811
19.032	6.4112	10.645	6.4629	16.579	14.895	15.306	19.903	21.634	10.447	2.7407	1.9785	27.862	18.676	6.2594	2.8001	13.692	4.869
23.568	6.952	11.774	7.8182	17.058	17.536	17.782	23.122	26.401	13.73	3.2522	2.6318	31.944	24.77	7.0445	3.5287	21.781	7.5755
23.569	7.0012	11.795	7.8522	17.172	18.196	19.276	24.539	27.722	14.392	3.2747	2.6036	31.767	25.479	6.9065	3.491	21.537	7.7584
22.497	6.8876	11.512	7.6204	16.913	16.973	17.092	21.851	25.319	13.007	3.188	2.5576	30.995	23.331	7.8992	3.4264	20.082	7.2318
22.723	6.8898	11.633	7.604	17.106	17.704	18.788	23.94	26.406	13.639	3.1668	2.4954	32.493	24.188	6.8679	3.3572	18.977	7.1105
22.25	6.7561	11.374	7.3714	16.745	16.685	16.755	21.787	24.316	12.543	3.1311	2.4468	30.194	22.438	6.6361	3.3119	18.01	6.6693
21.932	6.7978	11.437	7.4123	16.981	17.335	17.827	23.463	25.668	13.317	3.076	2.4134	31.597	23.247	6.6473	3.3074	17.89	6.7844
21.371	6.7083	11.306	7.2198	16.758	16.06	16.237	21.348	23.562	11.931	3.0278	2.4283	29.438	21.038	6.9079	3.206	16.552	6.3492
21.481	6.7312	11.364	7.2506	16.895	16.889	17.49	22.989	24.962	12.747	3.0408	2.3257	31.123	21.918	7.1433	3.2153	16.783	6.3341
20.908	6.6981	10.087	7.1249	16.625	15.55	16.115	20.093	22.399	11.41	2.9843	2.3485	27.218	21.003	6.4325	3.1626	15.698	6.0583
21.077	6.6987	11.207	7.1211	16.854	16.443	17.313	22.607	24.199	12.049	3.0593	2.2601	28.74	20.965	6.5333	3.141	15.941	6.087
20.391	6.6713	11.059	6.9814	14.585	15.105	15.413	19.733	22.629	11.274	3.0706	2.2905	28.39	19.243	6.5626	3.0884	14.808	5.7718
20.067	6.6718	11.149	6.9971	16.754	16.175	16.87	21.833	23.389	11.675	3.005	2.2508	29.918	20.129	6.3557	3.064	15.051	5.8096
20.349	6.5991	11.033	6.9291	16.49	14.998	15.276	19.496	20.617	10.67	3.0209	2.2277	26.873	18.662	6.7506	2.9959	14.197	5.5212
20.032	6.5596	11.054	6.8955	16.74	15.587	16.77	21.265	22.969	11.185	2.9218	2.1466	28.774	19.396	6.5229	3.0349	14.423	5.5848
19.063	6.5056	10.883	6.5064	16.469	13.973	14.45	18.776	18.783	9.1678	2.7121	1.9937	23.686	16.989	6.2735	2.8204	12.224	4.8898
19.007	6.4172	10.774	6.5026	16.615	14.678	15.597	20.456	21.854	9.9703	2.899	1.9293	27.464	17.934	6.311	2.8069	12.759	4.8486
23.649	6.969	11.743	7.8149	17.059	17.563	17.312	22.593	25.883	13.699	3.3095	2.6475	32.389	24.303	6.848	3.4726	20.915	7.4929
23.23	6.9516	11.677	7.8236	17.123	18.222	18.768	23.909	27.278	14.366	3.3353	2.6047	30.312	25.342	7.1367	3.4596	20.53	7.4892
22.911	6.8956	11.592	7.5984	16.93	17.003	16.958	21.745	24.933	13.002	3.1777	2.5418	31.073	23.132	7.0637	3.4085	19.191	7.1978
22.574	6.8735	11.541	7.6397	17.069	17.556	18.283	23.353	26.115	13.458	3.1372	2.4991	32.237	23.82	6.8367	3.3472	18.81	6.9952
21.97	6.7889	11.448	7.4082	16.735	16.581	16.315	21.018	23.874	12.484	3.1509	2.4707	30.222	22.599	6.7319	3.2796	18.138	6.6588
22	6.8071	11.47	7.3956	16.896	17.036	18.039	22.782	25.205	13.007	3.1486	2.4086	31.158	22.613	6.7172	3.2373	18.671	6.5855
21.669	6.7646	11.34	7.2616	16.738	16.137	16.043	20.401	23.793	12.404	3.1517	2.4339	29.793	21.717	6.7093	3.2443	17.484	6.3828
21.525	6.7532	11.316	7.2897	16.939	16.649	17.609	22.897	24.393	12.621	3.0699	2.3548	30.56	21.593	6.431	3.1499	16.515	6.3373
20.954	6.7333	11.326	7.0807	14.716	15.54	15.507	20.265	23.12	12.14	3.0799	2.3374	29.881	20.016	6.412	3.1536	15.792	6.1632
19.345	6.7044	11.289	7.1081	16.842	16.39	16.918	21.737	23.691	11.898	3.0176	2.3004	30.434	20.658	6.3385	3.0954	15.734	6.0998
20.484	6.7123	11.238	6.9676	16.535	15.152	15.228	19.859	22.501	11.067	2.9918	2.2969	27.587	19.274	6.2917	3.091	16.321	5.8373
20.335	6.6646	11.156	7.003	16.814	15.851	16.404	21.095	22.938	11.499	2.9165	2.2644	29.897	20.62	6.7455	3.0145	15.293	5.7378
20.365	6.6143	11.148	6.8539	16.746	14.998	15.055	18.938	21.214	11.14	2.9432	2.2735	28.53	18.552	6.1495	3.028	14.163	5.5826
20.192	6.619	11.166	6.8505	16.696	15.638	16.151	21.102	22.621	11.017	2.9391	2.2077	28.105	20.459	6.3261	2.9701	14.559	5.5137
19.355	6.4377	10.779	6.5302	16.633	13.737	13.878	18.08	20.082	9.2634	2.9464	2.0544	23.513	15.587	6.0017	2.7925	11.989	4.8705
18.572	6.4538	10.853	6.541	16.568	14.649	15.504	19.781	19.678	10.444	2.8728	1.9812	27.203	16.669	5.928	2.7108	12.118	4.7801
23.583	6.9458	11.698	7.824	16.981	17.413	16.98	21.623	25.809	13.702	3.267	2.6419	32.085	24.533	7.0232	3.5724	20.079	7.3969
23.302	6.9435	11.816	7.8162	17.194	18.178	18.388	23.395	26.789	14.071	3.24	2.6181	33.445	24.551	6.8592	3.4212	20.07	7.5003
22.941	6.8242	11.526	7.5915	17.354	16.753	16.632	21.087	24.634	13.02	3.2017	2.5438	30.996	23.099	7.1008	3.3714	18.739	7.0492
22.678	6.885	11.62	7.6315	16.999	17.578	17.779	22.678	25.802	13.323	3.2035	2.4859	32.068	23.597	7.0779	3.3956	18.914	6.9698
21.993	6.7304	11.389	7.2381	16.822	16.459	16.51	20.497	23.476	12.365	3.1002	2.4687	29.886	22.375	6.706	3.2408	17.617	6.6313
22.151	6.8094	11.458	7.4475	16.897	16.862	17.334	22.12	24.732	12.838	3.1751	2.4185	31.328	23.045	6.4991	3.3504	17.592	6.5454
21.678	6.673	11.263	7.2366	16.728	15.984	15.599	20.486	22.819	11.958	3.0443	2.4034	29.669	21.259	6.5924	3.1829	18.014	6.3223
21.28	6.7588	10.488	7.2909	16.822	16.733	16.901	22.144	24.354	12.452	3.0869	2.3281	30.531	21.825	6.6176	3.1757	16.325	6.2533
21.181	6.6314	11.203	7.1102	16.714	15.48	15.181	20.217	22.481	12.221	3.0416	2.3467	29.109	20.013	6.6402	3.1914	15.482	6.0041
20.745	6.6821	11.266	7.1216	16.865	16.123	16.946	21.168	23.073	11.733	3.0361	2.2739	29.884	20.406	6.4346	3.1042	15.406	5.9998
20.448	6.6238	11.086	6.9616	16.643	15.129	14.775	18.928	22.117	11.651	2.9785	2.2991	29.968	19.195	6.6557	3.0864	14.783	5.7916
20.504	6.6628	11.181	7.0097	16.783	15.863	16.344	20.988	22.718	12.074	2.9963	2.2382	27.376	19.581	6.0564	2.9931	14.881	5.7125
20.341	6.528	10.985	6.8466	16.781	14.895	14.79	18.362	21.33	11.579	2.9442	2.2491	26.52	18.502	6.2428	3.2369	13.968	5.5693
20.215	6.6434	11.055	6.8884	16.758	15.548	15.993	20.051	22.874	11.82	2.9589	2.2196	28.952	19.908	6.5724	2.9785	14.119	5.4891
18.833	6.3841	10.709	6.5171	16.532	14.239	13.892	17.675	18.333	10.416	2.8559	2.0167	28.617	15.526	6.3225	2.7562	12.05	4.8307
15.564	6.4269	10.846	6.517	14.48	14.293	14.611	19.026	19.721	9.7712	2.7472	1.9665	26.917	17.102	5.706	2.6818	12.106	4.7259
23.581	6.9439	11.721	7.8703	17.038	17.276	16.657	21.4	25.202	13.516	3.2515	2.6449	30.802	24.127	7.2357	3.4115	20.568	7.3654
23.544	6.9759	11.771	7.8545	17.203	17.814	17.882	22.782	26.569	14.131	3.2298	2.5892	32.749	25.369	6.9168	3.3951	19.915	7.33
22.909	6.8756	11.552	7.6424	16.963	16.709	16.05	20.572	24.591	12.953	3.1748	2.5548	31.215	23.108	6.6999	3.3955	18.676	6.95
22.766	6.9102	11.622	7.6512	17.03	17.327	17.251	22.133	25.424	13.251	3.2283	2.4987	31.851	23.382	6.7098	3.2965	18.626	6.8657
22.026	6.8069	11.381	7.4001	16.768	16.213	15.927	20.312	23.362	12.279	3.1058	2.4494	30.341	21.561	6.4962	3.2195	17.395	6.5229
21.836	6.7459	11.432	7.4191	16.938	16.926	16.899	21.663	24.678	12.506	3.0956	2.3877	30.715	21.883	6.8042	3.1562	17.696	6.4858
21.666	6.7393	11.223	7.2302	16.666	15.863	15.377	19.994	22.903	11.763	3.0183	2.4254	28.807	20.234	6.3473	3.1517	16.502	6.2627
21.236	6.739	11.283	7.2239	16.86	16.262	16.498	21.219	23.334	11.888	3.0347	2.3103	29.736	20.659	6.3037	3.099	16.312	6.2107
20.932	6.152	11.211	7.115	16.68	15.459	15.217	19.172	21.896	11.243	2.9577	2.3304	29.024	19.32	6.3033	3.1641	15.37	6.1762
20.476	6.6692	11.187	7.0993	16.783	16.369	16.219	20.601	22.537	11.359	2.9459	2.2298	28.771	19.425	6.116	3.0252	15.294	5.9257
20.764	6.5302	11.035	6.943	16.699	15.253	14.696	18.908	20.964	10.828	2.8677	2.2392	27.151	18.261	6.1058	3.1024	14.496	5.7098
20.423	6.6277	11.121	6.9626	16.78	15.537	15.875	19.924	22.262	10.948	2.8975	2.1827	29.124	18.491	6.1786	2.9533	14.493	5.6674
20.034	6.6005	10.985	6.8498	16.551	15.006	14.183	18.308	22.582	10.38	2.8272	2.1731	28.071	17.409	5.9927	2.969	13.838	5.4902
19.889	6.6152	11.048	6.8664	16.675	15.422	15.31	19.453	21.663	10.433	2.8337	2.1452	27.412	17.561	5.9881	2.9556	13.891	5.5184
18.959	6.4611	10.728	6.5097	16.269	14.099	13.072	17.298	18.015	9.0536	2.5631	1.9076	23.358	14.783	5.6165	2.8388	11.914	4.7812
18.996	6.3911	10.817	6.4736	16.517	14.799	15.186	19.008	18.937	8.9386	2.6404	1.8252	26.522	14.286	5.6775	2.7294	11.97	4.7082
23.611	6.9429	11.704	7.7947	16.923	17.268	16.327	20.811	25.342	13.913	3.2819	2.7072	32.007	24.744	6.6426	3.3884	18.563	6.8713
23.446	6.9515	11.735	7.5408	15.013	17.706	17.404	22.188	26.09	14.042	3.2649	2.6193	32.461	25.024	6.5332	3.4253	18.581	6.8611
22.703	6.839	11.479	7.5954	16.841	16.708	15.852	20.259	24.338	13.061	3.1836	2.5707	30.959	22.914	6.2943	3.2873	17.253	6.4881
22.521	6.8393	11.542	7.5639	16.921	17.176	16.972	21.425	24.995	13.189	3.2044	2.4931	31.442	23.263	6.3145	3.2423	17.26	6.3906
22.033	6.7719	11.331	7.3957	16.76	16.105	15.647	19.823	23.083	12.225	3.1678	2.4565	29.861	21.56	6.2706	3.2172	16.033	6.1229
22.166	6.792	11.397	7.3785	16.898	16.615	16.597	21.173	23.908	12.44	3.0961	2.3931	30.542	21.855	6.3067	3.1576	16.067	6.071
21.069	6.732	11.275	7.2108	16.684	15.701	15.175	19.546	22.115	11.7	3.0232	2.4055	29.501	20.329	6.0773	3.2786	15.22	5.8283
21.578	6.7463	11.351	7.2451	16.797	16.242	16.186	20.642	23.198	11.847	2.974	2.3129	29.507	20.42	6.1035	3.0768	15.5	5.7451
20.648	6.68	11.21	7.1463	16.556	15.302	14.972	19.586	21.429	11.21	2.9485	2.3372	27.911	19.26	6.1259	3.0643	14.437	5.5552
20.741	6.6798	11.225	7.1104	16.748	15.849	15.814	20.323	22.617	11.197	2.9534	2.2358	29.658	19.697	6.0532	3.0147	14.394	5.5462
20.368	6.6634	11.112	6.8921	16.477	14.798	14.4	18.521	21.427	10.741	2.9588	2.2397	27.168	18.226	5.9217	3.0319	13.534	5.3432
20.628	6.6196	11.168	6.9451	16.738	15.589	15.748	20.016	21.7	10.982	2.8752	2.1872	28.821	18.479	5.7992	2.9858	13.782	5.351
19.694	6.5617	10.027	6.9293	16.468	14.519	14.364	17.959	21.059	10.468	2.8049	2.2035	27.738	17.31	5.8043	2.9457	12.893	5.5765
19.977	6.5863	11.067	6.8445	16.749	15.301	15.499	19.486	22.117	10.438	2.8044	2.1245	28.363	17.618	5.7685	2.8815	13.077	5.1924
18.914	6.3364	10.834	6.422	16.554	13.509	12.733	16.286	19.805	8.4946	2.6074	1.9311	23.309	14.369	5.5455	2.6971	11.011	4.4813
18.728	6.3865	10.783	6.4687	16.497	14.331	14.637	18.493	18.709	8.6036	2.6199	1.845	24.223	14.423	5.4907	2.7236	11.177	4.443
23.547	6.9622	11.66	7.8103	16.708	17.106	16.002	20.355	25.063	13.875	3.3194	2.6677	31.991	24.794	6.2853	3.4694	17.532	6.427
23.532	6.8856	11.731	7.8301	17.146	17.558	17.073	21.821	25.9	13.931	3.2631	2.6746	32.483	24.914	6.3568	3.3952	17.47	6.3513
22.863	6.7681	11.44	7.5761	16.803	16.57	15.642	20.295	24.011	12.968	3.1674	2.5532	30.924	22.838	6.0934	3.2679	16.086	6.0373
22.897	6.8549	11.574	7.6343	16.919	17.022	16.544	21.088	24.852	13.135	3.1668	2.4917	31.507	23.235	6.0812	3.2478	16.355	6.0162
21.994	6.7986	11.412	7.3725	16.79	16.093	15.29	19.556	22.945	12.268	3.0843	2.4584	29.87	21.353	5.9303	3.1824	15.153	5.6912
21.964	6.7938	11.437	7.3961	16.858	16.499	16.177	20.342	23.615	12.362	3.0488	2.4138	30.508	21.608	5.952	3.1202	15.306	5.5896
21.371	6.6123	11.271	7.2345	16.602	15.718	14.82	19.238	22.31	11.718	3.0555	2.3875	30.173	20.42	5.8762	3.2002	14.356	5.4515
21.637	6.7298	11.352	7.2293	16.847	16.092	15.888	19.898	22.874	11.678	2.9846	2.3188	30.044	20.492	5.8339	3.0405	14.752	5.383
20.764	6.6173	11.179	7.0868	16.808	15.295	14.567	18.582	21.837	11.359	2.9314	2.3626	28.623	19.163	5.7733	3.1408	13.644	5.2466
21.003	6.648	11.243	7.088	16.844	15.969	15.519	19.883	22.105	11.268	2.924	2.2547	28.885	19.28	5.6906	2.9588	13.741	5.1769
20.413	6.5984	11.041	6.8998	16.597	14.91	14.327	18.113	20.68	10.67	2.8744	2.2532	26.79	18.016	5.7614	2.9449	13.137	5.022
20.513	6.6238	11.18	6.9716	16.836	15.331	15.196	19.088	21.61	10.786	2.8436	2.1939	28.809	18.523	5.71	3.0663	13.279	5.02
19.796	6.5645	10.991	6.8617	16.648	14.532	14.331	18.316	19.919	10.296	2.8972	2.2185	27.842	17.329	5.645	2.9269	12.572	4.8073
20.147	6.8338	11.06	6.6834	16.731	15.218	14.582	18.593	21.007	10.295	2.8477	2.1317	27.148	17.287	5.7063	2.9412	12.449	4.7209
19.246	6.3438	10.614	6.4442	16.322	13.974	12.825	16.767	17.737	8.7791	2.5669	1.887	23.266	13.74	5.3506	2.7034	10.656	4.247
18.965	6.3637	10.82	6.4291	16.465	14.306	14.207	17.78	18.597	8.5115	2.6138	1.8614	24.175	14.205	5.4255	2.6588	10.951	4.1389
23.45	6.9605	11.7	7.7897	17.014	17.023	16.02	20.051	25.044	13.813	3.2528	2.6794	32.317	24.506	6.3249	3.3613	17.527	6.4029
23.483	6.937	11.712	7.8322	17.142	17.283	16.618	20.789	25.639	13.954	3.2968	2.6621	32.771	24.893	6.2769	3.3131	17.836	6.3856
22.488	6.8667	11.493	7.6199	16.874	16.532	15.648	19.651	23.878	12.929	3.1969	2.5502	30.99	22.816	6.0512	3.2578	16.135	5.9945
22.531	6.8677	11.56	7.5821	17.078	16.698	16.276	20.396	24.528	13.084	3.1252	2.5146	31.489	23.007	6.0174	3.2538	16.666	6.0081
21.753	6.7843	11.373	7.39	16.855	15.963	14.94	19.146	22.888	12.311	3.1197	2.4731	29.795	21.376	5.9588	3.1523	15.177	5.7809
21.976	6.7877	11.4	7.3351	16.949	16.41	15.7	19.895	23.395	12.348	3.0569	2.4217	30.327	21.543	5.9858	3.2049	15.438	5.7397
21.498	6.7508	11.258	7.2189	16.679	15.584	14.867	18.885	22.356	11.853	3.0566	2.4063	29.518	20.141	5.8045	3.0981	14.346	5.4233
21.484	6.7256	11.335	7.2347	16.852	15.885	15.151	19.254	22.735	11.784	3.0195	2.3128	29.394	20.329	5.9032	3.0813	14.809	5.3878
20.968	6.6357	11.131	7.0641	16.638	15.104	14.265	18.267	21.497	11.268	2.9913	2.3292	27.981	19.1	5.7276	3.0521	13.729	5.2679
20.987	6.6742	11.219	7.0787	16.835	15.551	14.86	18.974	22.011	11.247	2.9492	2.2461	28.458	19.158	5.7618	2.9914	13.795	5.1744
20.72	6.5733	11.042	6.9698	16.584	14.972	14.021	17.84	20.39	10.806	2.8556	2.256	28.374	18.04	5.6473	2.9647	12.829	5.0191
20.606	6.6149	11.164	6.9508	16.759	15.128	14.962	18.477	21.45	10.769	2.8617	2.1943	27.676	18.191	5.6612	2.8953	13.147	4.9947
19.758	6.6048	10.967	6.804	16.541	14.593	14.056	17.292	20.809	10.142	2.8265	2.2202	29.476	17.195	5.6029	2.9191	12.177	4.8222
20.208	6.5778	11.072	6.8392	16.695	14.904	14.274	18.405	20.751	10.235	2.7839	2.1365	27.595	17.437	5.6277	2.8687	12.521	4.8369
19.177	6.322	10.593	6.4952	16.184	13.887	13.465	16.596	17.767	8.3885	2.6001	1.9599	23.385	14.271	5.2807	2.6977	10.405	4.2025
18.97	6.3878	10.778	6.4733	16.507	14.261	13.671	17.447	18.147	8.4898	2.5343	1.8749	25.934	14.362	5.4389	2.6262	10.749	4.0855
23.35	6.9999	11.706	7.8328	17.024	16.916	15.401	19.753	24.856	13.733	3.3101	2.6963	32.345	24.611	6.2276	3.3497	17.387	6.4225
23.713	6.9779	11.755	7.8188	17.15	17.072	15.889	20.37	25.043	13.899	3.3085	2.6604	32.778	24.757	6.1974	3.3122	17.729	6.4546
22.509	6.8581	11.453	7.5606	16.845	16.396	15.053	19.093	23.766	12.901	3.1344	2.5726	30.899	23.023	6.0705	3.2761	16.199	5.953
22.813	6.8467	11.611	7.5946	17.069	16.668	15.525	19.728	24.244	13.037	3.1417	2.5125	31.371	23.006	6.1716	3.1915	16.567	6.0685
21.796	6.7328	11.402	7.4235	16.76	15.972	14.801	18.83	22.676	12.234	3.0816	2.488	29.836	21.374	6.0451	3.1647	15.162	5.6822
22.224	6.7739	11.421	7.413	16.952	16.131	15.351	19.319	23.304	12.276	3.0548	2.4041	30.25	21.483	5.9235	3.0823	15.447	5.7947
21.128	6.7517	11.259	7.2291	16.6	15.379	14.531	18.538	21.98	11.68	3.0047	2.415	28.76	20.144	5.8282	3.0919	14.305	5.4556
21.559	6.734	11.32	7.2932	16.882	15.93	14.94	18.995	22.597	11.674	2.9846	2.3401	29.247	20.213	5.8717	3.0623	14.579	5.4798
20.724	6.6605	11.167	7.0777	16.543	15.28	14.314	18.301	21.345	11.06	2.9506	2.3477	27.913	19.042	5.7106	3.0031	13.615	5.1999
21.073	6.6421	11.206	7.0955	16.769	15.499	14.824	18.765	21.51	11.12	2.8868	2.2429	28.345	19.164	5.7408	2.986	14.041	5.2089
20.259	6.6231	11.002	6.9318	16.661	15.001	13.747	17.939	20.407	10.836	2.8879	2.2562	27.111	18.025	5.723	2.9659	12.873	4.962
20.564	6.64	11.148	7.007	16.768	15.12	14.276	17.999	21.108	10.661	2.85	2.2167	27.421	18.26	5.6996	2.8978	13.207	4.9639
19.861	6.0856	11.002	6.8885	16.495	14.519	13.663	16.966	19.864	10.184	2.8588	2.2042	26.471	17.173	5.704	2.8993	12.278	4.8578
20.151	6.5612	11.048	6.8534	16.685	14.996	14.141	18.232	20.53	10.201	2.7712	2.1606	26.896	17.564	5.6315	2.8994	12.565	4.8889
18.552	6.4371	10.668	6.4673	16.242	13.231	12.866	16.104	17.511	8.5405	2.5831	1.9506	25.315	13.636	5.3772	2.6307	10.366	4.2108
18.95	6.4263	10.771	6.4779	16.412	13.807	13.301	16.9	17.939	8.6907	2.5658	1.8711	23.873	13.866	5.4073	2.5885	10.798	4.2228
23.331	6.951	11.648	7.7982	16.984	16.823	15.194	19.688	24.783	13.76	3.2688	2.6872	30.586	24.587	6.1578	3.344	17.196	6.2825
23.746	6.9709	11.71	7.8028	17.125	16.889	15.793	19.763	24.818	13.866	3.2581	2.6904	32.65	24.62	6.3452	3.33	17.901	6.444
22.537	6.8544	11.521	7.5999	16.914	16.336	15.294	18.894	23.064	12.857	3.1816	2.5701	30.842	22.763	6.0356	3.2732	15.818	6.0422
22.835	6.8726	11.581	7.5802	17.005	16.442	15.058	19.552	23.906	12.935	3.1543	2.5101	30.723	22.808	6.1572	3.1781	16.631	6.0739
21.748	6.8091	11.394	7.3735	16.743	15.781	14.796	18.288	22.44	12.183	3.0626	2.4723	29.361	21.311	5.9373	3.1586	15.032	5.6337
22.105	6.7407	11.495	7.4067	16.936	15.987	15.068	18.81	22.97	12.253	3.0514	2.4078	29.952	21.37	6.0251	3.1005	15.527	5.7162
21.229	6.6871	10.431	7.2225	16.694	15.342	14.311	18.237	21.626	11.524	2.9627	2.4101	28.458	20.041	5.8571	3.1349	14.024	5.3904
21.579	6.7182	11.309	7.2464	16.874	15.637	14.533	18.678	21.99	11.705	2.9752	2.3275	28.894	20.204	5.9639	2.9988	14.679	5.4338
20.429	6.6287	10.258	7.0744	16.514	15.091	14.162	17.682	21.229	11.031	2.8916	2.3342	27.704	18.997	5.776	3.062	13.283	5.1505
20.984	6.6718	11.184	7.107	16.82	15.195	14.183	18.035	21.098	11.1	2.9196	2.2633	28.013	19.008	5.8315	2.9164	13.918	5.2376
20.166	6.167	11.107	6.9229	16.537	14.605	13.797	17.57	20.246	10.513	2.8756	2.277	26.815	17.934	5.7214	2.9549	12.562	5.0134
20.573	6.62	11.116	6.9445	16.654	14.812	14.018	17.975	20.887	10.615	2.8575	2.1808	27.259	18.098	5.7499	2.9634	13.335	5.064
19.774	6.6078	11.004	6.8737	16.489	14.532	13.447	17.119	19.826	10.098	2.7811	2.2079	26.238	17.043	5.6834	2.9399	11.989	4.7937
20.214	6.5545	11.072	6.8325	16.677	14.645	13.837	17.514	20.241	10.199	2.8182	2.1355	26.667	17.343	5.7041	2.8404	12.78	4.8783
18.526	6.3779	10.658	6.4839	16.303	13.54	12.583	16.027	17.573	8.2804	2.5535	1.9297	23.354	13.703	5.315	2.7687	10.103	4.2304
18.826	6.3602	10.75	6.505	16.404	13.776	13.013	16.333	18.106	8.4684	2.5908	1.8514	23.954	14.088	5.4918	2.6348	10.724	4.228
23.214	5.3702	8.9078	7.4767	11.4	17.195	15.491	19.268	22.545	13.397	3.1491	2.6601	26.784	24.407	6.7687	3.3578	17.242	6.2866
23.602	5.5047	8.8896	7.5924	11.33	17.229	15.227	19.376	22.774	13.603	3.1559	2.7564	26.877	24.672	7.0101	3.4272	18.076	6.6054
21.699	5.272	8.4775	7.073	11.321	16.236	14.786	18.809	21.509	12.57	3.0082	2.5434	25.354	22.668	6.3475	3.2087	15.91	5.964
22.057	5.3603	8.544	7.1708	11.194	16.478	14.97	19.506	21.783	12.732	3.0462	2.6296	26.009	22.976	6.7111	3.2719	16.811	6.2126
20.571	5.2445	8.2207	6.757	10.823	15.385	14.246	18.533	21.236	11.85	2.8773	2.3963	24.722	21.21	6.1669	3.1269	14.987	5.6231
20.786	5.3562	8.306	6.8295	11.424	15.79	14.36	19.129	20.895	12.044	2.9947	2.5049	24.505	21.543	6.0381	3.1611	15.821	5.9192
19.26	5.0385	7.9755	6.4349	11.213	14.812	14.135	18.03	19.844	11.251	2.8587	2.3291	23.826	19.969	5.9457	3.0171	13.914	5.3506
19.693	5.0515	8.1963	6.4935	10.742	15.039	14.137	17.868	20.189	11.453	2.8852	2.4295	24.034	20.21	6.1796	3.1064	15.022	5.5548
18.223	4.9787	7.8483	6.1805	10.726	14.244	14.148	17.415	19.441	10.678	2.7447	2.2636	22.628	18.894	5.7406	2.9624	13.289	5.1147
18.779	4.9601	7.9674	6.2681	10.931	14.378	14.107	18.176	19.35	10.841	2.8138	2.3249	23.319	19.119	6.0068	3.0164	14.221	5.2902
17.409	4.8054	7.8872	5.9097	10.747	13.652	13.826	17.003	18.38	10.209	2.749	2.1909	21.714	17.866	5.601	2.8766	12.602	4.8554
17.92	4.9072	7.8389	6.036	10.921	13.852	13.839	17.615	18.708	10.38	2.7429	2.2991	22.373	18.114	5.8374	2.9729	13.492	5.133
16.59	4.7778	7.5388	5.7476	10.787	13.236	13.64	17.026	18.003	9.7753	2.6113	2.1337	21.431	16.955	5.4525	2.7729	12.025	4.7115
17.089	4.8949	7.7099	5.8499	10.626	13.315	13.647	17.011	18.278	9.9455	2.6746	2.2327	21.774	17.301	5.6814	2.8531	12.935	4.9376
13.437	4.5466	7.3956	5.1375	10.178	11.691	12.239	15.878	15.679	8.0742	2.4812	1.8926	18.126	13.457	4.9879	2.6372	10.065	4.0761
14.326	4.5819	7.4997	5.2182	10.943	12.068	12.563	16.312	16.09	8.2368	2.4678	1.9492	18.981	14.082	5.2919	2.6532	10.871	4.297
12.692	3.7436	6.3859	4.2411	9.2292	10.722	12.314	16.065	25.786	15.322	2.3573	1.3352	35.697	33.831	22.854	7.4664	82.078	17.158
12.425	3.7187	6.2508	4.1214	9.1424	9.3402	8.8151	11.181	17.577	10.875	2.0006	1.3176	25.372	22.339	13.263	4.5099	45.784	10.146
12.469	3.6993	6.1956	4.1098	9.0333	8.5453	6.9322	8.5385	13.645	8.9606	1.8423	1.2938	20.485	17.035	8.3428	2.9632	27.548	6.5189
12.395	3.6814	6.2129	4.0863	9.0427	8.2193	6.0857	7.3819	11.794	8.087	1.7718	1.3025	18.378	14.562	5.9	2.1818	18.417	4.6938
12.333	3.693	6.195	4.0963	9.1191	8.0149	5.5909	6.7216	10.757	7.436	1.7202	1.2873	16.917	13.03	4.6693	1.7861	13.875	3.7828
12.318	3.6938	6.1981	4.0847	9.0204	7.9603	5.5133	6.6291	10.262	7.1657	1.6862	1.2945	16.303	12.325	4.2246	1.5988	12.224	3.4478
12.357	3.6935	6.205	4.0999	9.0633	7.951	5.4897	6.5505	10.324	7.1905	1.7061	1.2869	16.431	12.325	4.1958	1.5582	12.174	3.4432
12.304	3.6893	6.1649	4.0976	9.0862	7.9749	5.4813	6.5318	10.318	7.198	1.6994	1.3009	16.464	12.313	4.2324	1.5578	12.172	3.4611
12.355	3.6832	6.1598	4.0943	9.1908	7.9932	5.4779	6.5365	10.3	7.1967	1.7023	1.2838	16.461	12.345	4.2048	1.5548	12.168	3.449