93.102	92.922	93.227	91.791	100.69	93.02	94.016	93.891	100.37	93.65	90.35	86.979	99.952	97.94	92.351	92.89	97.249	95.692	96.059	100.57	108.59	94.943
95.195	97.123	95.552	93.104	96.53	92.87	94.16	94.233	101.92	94.839	89.101	86.2	101.69	98.15	92.288	93.173	95.97	95.842	97.246	100.83	110.7	95.732
93.053	97.442	99.573	91.033	101.13	94.099	95.037	95.208	100.93	94.449	90.552	86.722	100.82	98.818	93.361	94.061	97.806	96.533	96.182	100.36	110	95.962
95.055	97.908	99.521	92.482	99.528	93.597	95.082	95.314	101.02	95.042	90.698	86.706	101.79	98.841	93.145	94.182	97.202	96.911	96.718	100.71	110.64	94.823
95.179	98.387	99.612	92.046	101.71	94.596	96.098	96.031	101.15	94.824	90.809	87.351	101.55	100.4	93.85	93.405	98.473	97.946	96.088	99.696	110.04	94.783
95.473	97.729	99.653	91.967	101.69	94.519	96.105	96.183	102.25	95.076	91.413	87.731	102.32	99.841	93.972	93.871	99.038	97.197	95.475	99.82	111.01	94.833
95.117	98.205	100.23	91.701	101.7	95.333	96.417	96.838	101.84	95.165	92.067	88.189	102.02	100.01	93.934	93.649	99.509	98.482	96.924	101.92	110.25	96.28
94.417	99.579	100.33	92.498	101.92	95.758	96.726	96.98	102.34	94.208	90.79	87.988	102.48	99.916	94.001	94.174	98.933	97.622	96.372	99.8	111.17	96.372
95.753	99.018	100.04	91.559	101.51	96.135	97.595	98.097	102.62	95.181	92.441	88.867	102.8	100.94	94.334	94.273	99.904	98.87	97.298	101.24	110.78	97.671
96.32	98.622	100.38	92.435	102.2	96.126	97.701	97.898	102.85	96.101	91.845	88.839	102.73	101.07	94.54	94.596	100.31	98.896	96.649	100.2	111.38	94.948
95.285	98.288	100.8	92.355	102.35	97.39	98.02	98.72	103.48	96.382	92.136	90.232	104.3	101.3	95.922	96.158	101.59	99.986	97.012	101.14	110.96	97.091
95.713	99.814	101.54	92.099	102.74	97.363	98.675	98.917	103.57	96.451	93.257	90.115	104.53	101.92	96.211	94.828	101.13	99.508	97.584	100.98	111.38	97.278
96.332	98.326	100.82	93.674	102.97	99.022	100.11	100.07	103.93	96.892	92.826	91.514	104.74	103.09	96.814	96.415	102.38	100.7	97.248	100.96	110.24	97.219
95.766	99.125	101.65	92.514	102.91	98.446	100.04	100.15	104.45	96.954	92.434	91.008	105.07	103.12	96.334	95.694	102.77	101.15	97.195	99.605	111.53	96.84
101.58	104.37	107.11	96.885	109.48	111.75	112.81	113.52	110.63	102.95	98.229	98.221	111.02	117.85	109.39	104.27	117.93	115.72	100.58	102.32	112.01	99.531
102.02	105.19	107.55	98.903	109.83	111.07	113.14	113.7	111	103.39	98.737	101.94	111.42	118.12	106.85	105.54	116.23	115.49	99.859	102.49	111.76	100.37
93.916	95.634	95.743	93.005	96.293	85.379	83.312	86.899	95.334	91.786	92.506	86.429	96.19	90.891	88.726	90.727	89.166	89.11	93.951	94.726	99.101	94.025
93.699	95.736	95.292	92.802	97.744	84.572	85.585	85.46	93.895	93.068	91.495	85.992	96.67	89.157	87.114	90.941	90.823	88.769	92.093	93.643	97.818	93.035
94.552	95.081	97.28	92.208	97.706	87.44	85.744	85.922	92.753	92.593	93.165	86.938	93.943	87.827	85.918	90.468	90.954	92.326	93.91	94.882	93.507	93.379
94.223	95.848	96.356	93.604	95.904	85.409	86.594	86.791	95.639	91.875	93.059	86.358	96.256	86.99	87.468	88.674	91.344	91.124	94.107	94.524	99.458	93.768
93.897	96.506	96.996	92.887	96.77	85.28	87.843	85.917	94.55	92.818	93.495	86.571	98	90.037	89.602	91.006	91.345	91.625	93.661	95.357	100.22	94.105
94.664	96.44	97.431	92.942	97.002	86.081	87.652	86.886	95.138	93.583	91.622	86.585	97.106	88.376	88.41	88.893	91.371	91.83	93.986	94.75	98.892	94.333
94.296	97.396	97.117	92.646	98.837	88.654	90.238	87.179	94.756	93.329	93.122	88.299	96.808	91.255	87.957	92.237	92.06	91.057	93.705	94.654	99.168	94.949
94.783	97.059	99.053	94.227	98.015	89.686	88.775	89.206	95.972	94.39	92.321	88.12	96.556	91.962	88.757	89.967	95.718	91.631	93.761	95.412	99.569	96.469
95.225	96.425	98.779	93.026	98.505	89.111	89.813	89.254	96.633	93.301	93.934	88.309	97.501	90.58	89.353	93.657	94.944	91.769	94.871	96.537	100.86	95.266
94.897	97.376	97.574	93.872	98.553	88.699	89.992	90.994	97.477	93.579	93.817	88.304	95.554	93.576	88.758	93.406	94.165	91.961	94.118	95.582	100.16	95.197
96.073	97.843	98.132	93.596	99.978	89.512	94.327	91.321	95.833	94.751	93.885	90.199	98.037	95.678	91.107	94.994	93.542	93.859	94.956	97.17	103.37	96.134
94.861	97.525	97.91	94.041	98.254	95.101	92.561	94.344	97.215	95.344	94.139	90.083	100.04	93.47	89.717	92.839	94.154	91.723	94.894	95.849	101.2	95.259
95.891	97.434	99.785	94.928	99.771	97.094	96.299	93.211	97.842	94.633	94.373	91.948	99.763	96.097	92.596	94.91	93.551	92.734	96.175	96.829	102.9	96.357
95.903	97.607	98.837	94.363	98.527	94.622	96.318	96.117	98.646	96.103	94.851	91.175	99.895	91.013	93.336	96.341	95.338	92.813	95.978	96.232	102.54	94.948
100.51	102.99	103.41	96.355	105.17	110.42	104.76	106.25	104.86	100.74	100.48	98.282	105.17	105	103.86	101.31	107.56	111.25	99.539	99.422	104.59	98.484
99.688	102.98	104.61	97.877	104.25	105.35	107.76	106.45	105.28	100.53	98.716	101.73	106.59	100.04	101.63	105.54	108.26	107.91	100.46	99.678	104.47	99.57
90.969	92.709	95.473	90.553	96.252	90.575	91.503	89.78	96.827	90.34	90.852	86.558	93.675	90.633	89.411	92.135	95.072	94.852	96.674	98.357	102.23	96.336
92.191	91.81	96.401	90.893	96.665	91.315	89.639	91.894	96.336	90.878	89.843	86.314	96.111	96.486	91.071	91.843	94.385	90.224	94.222	97.03	105.1	95.966
93.318	90.948	94.796	91.69	96.426	91.489	91.971	91.185	94.464	90.667	91.195	86.478	95.69	93.053	90.75	92.595	93.236	93.258	96.453	98.565	104.79	94.496
94.633	94.364	96.699	92.934	95.98	93.231	94.396	92.335	97.828	92.293	93.114	86.651	96.287	94.632	89.119	91.225	94.807	94.499	96.162	98.042	101.18	95.711
92.725	95.976	96.144	92.43	97.656	91.172	94.017	93.683	93.753	92.422	92.326	87.814	97.542	93.654	92.355	92.566	96.728	94.247	96.528	97.812	105.94	95.926
92.986	94.195	96.673	92.041	97.574	92.945	92.804	94.209	96.585	93.238	91.187	87.401	97.633	94.73	91.538	93.202	96.854	94.257	96.386	98.103	107.54	96.363
94.082	94.815	96.737	92.022	97.848	94.685	94.465	92.781	97.416	92.454	93.667	89.008	97.627	98.612	90.869	91.791	98.004	97.307	95.469	98.901	106.89	96.398
94.915	93.107	96.524	91.821	94.028	95.159	95.014	94.01	97.771	93.542	92.844	88.525	98.763	95.89	93.32	94.017	95.691	95.507	96.584	97.978	107.41	96.374
94.092	95.493	96.456	92.591	95.371	94.978	95.701	97.387	95.738	92.216	91.699	88.931	97.076	99.248	93.263	94.314	98.4	96.993	95.689	96.675	106.8	96.108
93.607	95.499	94.684	93.994	95.939	94.136	97.874	95.498	98.496	92.718	92.123	89.111	98.75	97.932	93.129	94.322	98.093	97.753	96.265	98.392	107.45	95.7
95.039	96.186	97.897	93.258	99.033	98.717	97.101	98.489	95.805	94.383	92.761	90.486	97.928	99.544	93.174	94.907	98.989	97.822	98.105	99.115	108.47	97.549
94.07	96.526	95.329	93.465	98.563	97.431	98.715	96.618	100.14	93.705	91.789	90.526	98.159	96.895	94.345	95.687	100.2	97.43	96.385	97.459	109.09	96.033
94.263	95.408	97.391	93.168	98.663	99.534	99.897	98.55	99.579	93.823	93.981	91.238	101.62	101.77	94.703	95.704	99.636	97.072	97.478	99.658	107.57	97.659
94.138	95.605	96.027	93.376	98.271	99.443	99.875	98.554	99.959	94.55	94.254	91.138	100.69	101.27	94.927	95.496	102.27	99.595	96.807	97.121	107.78	97.806
99.929	102.66	104.46	96.737	105.44	110.18	108.44	110.67	107.17	100.55	99.081	100.54	107.7	116.21	105.7	103.01	117.23	114.12	99.658	100.55	109.19	99.72
100.25	101.72	103.99	98.531	106.19	109.41	111.37	111.51	108.35	100.48	98.622	101.86	108.14	114.82	103.84	104.53	118.56	115.11	100.25	101.73	109.71	99.939
93.339	95.823	96.618	93.395	97.995	91.354	92.853	93.921	93.853	92.619	93.136	86.808	95.01	96.441	90.657	93.879	96.199	95.818	98.944	101.05	107.79	99.995
94.187	95.288	97.218	93.438	97.263	91.58	94.072	93.133	97.1	92.037	92.827	86.022	95.892	96.316	91.491	92.7	96.961	96.262	98.697	98.822	108.2	97.295
94.405	96.373	97.252	92.887	97.375	93.29	94.237	95.645	95.203	93.449	92.62	86.731	96.735	97.781	91.456	93.218	96.709	96.624	99.837	101.04	109.19	99.331
94.727	96.068	98.086	93.803	98.108	94.274	93.852	93.756	98.737	94.586	93.512	86.715	97.121	98.269	91.562	92.267	96.54	96.546	99.994	98.802	108.13	97.534
94.69	96.204	96.972	93.556	98.188	96.719	96.263	96.246	97.031	94.748	93.553	88.386	95.73	96.404	92.372	94.128	98.038	95.625	100.17	101.48	109.94	98.132
94.395	95.528	97.196	93.545	98.87	95.214	94.85	95.266	98.031	95.339	93.942	87.586	97.589	98.187	92.325	93.445	99.328	97.598	98.497	100.21	109.38	100.95
95.253	96.334	97.184	93.482	98.017	95.872	97.412	96.316	95.926	95.298	93.268	87.773	97.269	98.785	91.61	94.499	100.16	98.654	98.867	99.482	108.69	98.327
93.82	96.172	98.818	94.001	98.997	95.379	95.159	97.188	98.768	94.79	93.904	88.136	98.647	99.357	92.618	94.442	100.57	97.018	98.474	100.73	110.7	97.885
95.9	96.496	97.328	93.962	98.596	98.607	97.516	98.911	98.961	94.626	94.082	88.574	98.502	99.772	93.124	94.728	101.31	97.967	98.897	100.53	109.78	98.731
95.207	96.777	97.784	93.838	98.751	97.47	99.816	99.024	100.45	95.303	94.22	88.747	99.027	98.737	92.825	94.966	100.55	99.23	99.069	99.418	110.19	98.958
94.946	97.138	97.497	93.7	98.696	98.878	100.01	99.406	99.755	94.941	94.79	90.547	99.79	101.11	94.181	94.942	101.56	100.32	98.653	100.44	110.62	98.913
95.048	97.296	98.836	93.877	99.591	98.247	99.32	100.21	101	94.915	95.395	89.892	100.66	99.94	93.911	95.281	101.64	99.937	99.133	100.32	110.21	98.766
95.044	96.702	98.442	93.713	98.964	100.89	101.41	102.71	100.47	95.435	94.853	90.884	100.29	102.72	96.853	95.935	103.82	100.75	99.09	101.33	109.06	98.665
96.54	97.641	98.802	93.606	99.846	102	101.04	102.8	101.26	95.982	94.955	90.631	101.24	102.78	95.352	95.684	103.6	99.645	99.392	98.609	109.94	98.367
99.651	102.57	104.2	96.944	104.16	112.43	115.14	113.29	107.99	100.11	98.638	97.172	105.33	116.73	105.29	104.04	119.31	116.38	100.4	101.69	110.28	100.84
99.664	102.77	103.91	97.727	104.97	112.15	115.1	114.32	109.44	100.55	98.998	103	108.51	114.22	103.42	105.81	119.53	116.24	100.04	101.57	110.62	99.528
93.835	93.847	96.551	93.854	97.393	93.015	95.232	95.075	94.568	93.128	93.159	87.329	94.339	96.942	90.203	93.259	97.583	95.684	98.415	100.03	109.71	98.565
94.265	95.061	95.723	93.049	96.598	92.75	94.536	94.935	95.343	91.945	93.955	85.959	95.107	95.834	91.199	93.133	97.16	95.198	99.019	101.27	108.49	99.129
94.446	95.241	96.594	93.67	98.396	94.87	96.139	94.871	95.578	95.288	94.015	87.131	96.266	98.015	91.252	93.888	98.921	96.885	98.281	99.02	109.62	100.17
94.508	95.804	96.442	93.437	98.263	95.697	96.388	96.723	95.721	94.051	93.762	87.238	97.051	97.144	91.165	93.722	99.218	97.866	100.65	100.36	110.18	99.486
95.033	95.681	96.741	93.648	98.032	97.149	97.576	95.926	95.987	93.772	93.65	87.611	96.972	99.135	92.653	94.249	99.868	98.311	99.068	100.34	110.31	100.71
95.197	96.234	97.034	93.386	97.566	95.904	97.374	97.977	97.345	93.93	93.981	87.574	97.355	98.722	91.542	94.909	98.585	98.312	99.642	100.79	110.76	99.493
95.478	95.892	97.083	93.191	97.773	98.549	98.706	99.799	97.041	94.325	93.708	88.089	97.146	98.271	93.179	94.311	101.08	99.354	98.711	100.08	109.73	98.975
94.683	95.684	97.363	93.549	97.924	98.094	98.525	98.887	98.568	95.234	95.022	88.135	98.227	99.91	92.021	94.675	101.18	98.412	99.909	100.62	110.83	98.259
95.25	96.358	98.456	94.675	98.652	98.653	99.938	100.53	97.272	94.162	95.237	88.619	97.761	101.08	92.905	95.376	101.23	99.828	99.39	100.19	108.9	100.5
95.103	96.767	97.83	93.958	97.932	100.32	101.46	98.873	99.041	95.236	94.24	88.652	99.642	99.324	92.592	94.801	101.87	100	99.838	101.15	110.89	99.035
96.309	96.911	97.361	94.733	98.559	100.19	102.57	100.95	99.016	94.442	94.41	89.631	99.276	101.45	93.617	97.124	101.5	101.05	98.839	100.94	110.02	99.433
95.165	97.026	98.105	94.092	98.583	100.63	102.79	101.82	100.41	95.113	94.857	89.685	100.01	102.68	93.649	96.448	102.68	100.88	100	101.78	110.4	99.338
95.97	96.856	98.139	94.4	99.087	102.91	103.72	103.8	100.11	94.942	94.421	91.422	100.24	102.87	94.777	96.506	102.31	100.74	99.495	100.25	110.38	100.19
96.263	97.305	98.358	94.126	99.589	103.26	103.3	103.2	102.04	96.096	95.129	91.289	101.26	102.28	93.687	95.513	104.01	101.73	99.677	101.52	110.45	98.643
98.786	102.79	103.74	96.558	103.5	115.31	116.79	114.69	108.82	100.28	98.503	99.751	107.24	115.84	104.71	104.25	119.48	115.38	100.23	100.89	111.19	99.741
100.6	102.78	102.5	99.418	104.36	114.19	116.25	115.6	110.39	103.41	98.552	103.12	108.94	115.27	102.33	106.08	119.98	114.56	101.25	101.73	112.46	101.12
94.052	94.914	95.997	93.727	96.558	95.644	97.695	97.632	94.781	93.436	92.671	87.588	94.941	97.517	91.021	93.36	98.597	96.823	99.858	100.59	108.75	99.604
94.717	96.52	96.703	93.812	96.852	95.007	95.636	96.348	96.172	92.333	92.934	86.161	96.088	96.443	89.82	93.353	99.069	96.268	100.02	99.081	106.94	98.833
94.394	95.722	97.399	93.241	97.448	96.474	98.348	97.609	95.528	92.868	93.559	86.817	95.634	97.678	90.735	93.686	99.684	97.617	99.21	99.915	109.08	99.389
94.216	96.042	97.183	93.273	97.195	96.751	98.338	98.651	97.249	93.887	93.716	87.644	96.916	97.873	90.959	94.629	99.003	97.43	98.151	102.31	109.69	98.145
95.592	96.237	97.743	93.268	97.962	97.138	97.412	99.004	95.909	93.234	94.629	87.431	96.288	98.49	92.548	94.301	100.26	98.34	99.192	99.279	109.8	98.956
94.246	96.201	96.952	93.552	98.179	96.817	99.085	99.107	97.578	93.816	94.228	87.459	98.256	99.101	92.659	94.635	100.03	98.832	97.096	99.286	111.36	98.91
94.466	95.876	96.775	93.266	98.113	99.141	98.799	100.58	97.026	94.275	93.917	88.151	97.256	99.286	92.376	95.149	100.33	98.972	99.236	99.535	110.16	99.956
95.169	96.595	97.361	93.435	97.195	99.266	99.955	99.894	99.117	95.224	93.195	88.238	98.624	99.376	92.437	95.481	100.81	99.953	99.666	99.727	110.62	98.374
95.324	95.763	96.853	93.472	98.183	100.95	101.74	102.27	98.459	94.189	94.371	88.895	98.057	100.44	93.004	95.918	102.13	99.248	98.461	99.94	110.06	98.698
95.282	97.577	97.468	93.693	98.382	99.765	100.95	102.22	100.07	94.871	94.348	88.762	99.997	99.893	92.647	95.953	101.33	99.965	98.83	100.19	111.84	96.698
95.316	96.673	98.192	94.609	99.101	101.73	103.15	103.15	99.415	94.718	93.84	90.399	99.102	100.82	93.51	95.509	103.46	101.11	97.786	99.095	110.14	99.533
95.786	97.209	97.389	94.316	98.564	101.74	103.35	104.08	100.6	94.826	93.733	90.997	101.38	100.74	93.781	96.32	103.18	101.27	100.18	100.6	110.97	99.255
95.43	96.517	98.549	93.346	98.917	103.33	105.11	105.23	100.68	95.608	95.123	90.752	98.767	102.18	95.848	96.373	103.94	102.85	98.765	100.37	111.06	99.027
96.209	97.495	98.645	94.529	99.001	103.58	105.26	104.18	102.18	95.67	94.889	91.214	102.05	102.31	95.618	96.562	104.51	100.75	99.018	101.2	111.53	99.416
100.36	101.5	103.95	96.829	103.32	114.75	117.53	116.81	108.38	100.17	99.23	98.153	107.56	113.94	106.2	103.88	119.89	116.48	99.664	100.92	111.54	98.9
99.733	102.14	102.93	98.116	104.8	115.09	116.61	117.45	111	101.54	98.338	101.98	109.36	115.46	105.28	104.85	119.7	116.74	100.78	101.8	112.48	100.73
94.445	95.407	95.955	93.563	96.968	95.988	97.928	98.327	93.869	91.816	93.391	86.72	95.164	97.292	91.073	93.512	98.512	96.973	99.16	100.12	110.11	98.462
94.378	96.053	95.852	92.638	96.794	96.346	97.863	98.153	96.485	93.115	94.066	86.407	96.223	97.191	90.574	93.784	99.321	97.157	98.788	98.999	109.6	99.151
94.301	95.393	96.839	93.191	96.764	97.523	98.519	98.764	94.886	92.89	93.683	87.004	96.19	97.465	91.951	94.275	99.701	97.99	98.705	101.11	109.94	97.656
94.7	95.743	96.587	93.078	96.99	97.411	97.817	98.949	97.257	92.758	93.423	87.791	97.089	98.566	90.824	94.503	100.6	98.244	98.055	100.08	109.37	97.851
94.461	95.683	96.064	93.286	96.9	98.011	99.389	100.15	96.858	93.454	93.202	87.701	96.278	99.329	92.851	94.874	100.86	98.444	98.212	99.764	109.79	97.998
95.301	96.902	96.529	93.756	97.68	98.531	99.534	99.481	97.783	93.87	93.575	87.347	97.877	99.042	92.489	94.646	101.11	98.728	98.11	101.46	110.2	99.827
95.068	96.15	96.916	93.689	97.53	100.15	101.4	101.06	97.674	93.738	94.252	88.277	97.741	99.439	93.092	95.767	101.52	99.669	99.512	100.55	109.53	98.893
95.993	96.657	97.645	93.79	97.601	99.978	101.78	101.83	99.183	94.865	95.353	89.084	99.274	100.31	92.591	94.55	101.59	99.505	99.336	100.45	110.59	98.433
95.001	96.472	97.728	93.809	98.482	100.77	102.83	102.52	98.203	94.478	95.343	89.02	97.169	99.702	93.569	95.795	102.6	100.05	98.978	100.64	109.91	99.909
95.775	96.545	97.566	93.56	98.043	100.55	102.22	103.55	100.32	94.257	93.337	89.143	100.13	99.813	93.641	95.219	102.34	100.52	99.632	99.339	110.87	99.233
95.276	96.056	97.101	93.831	98.188	100.97	105.38	104.48	99.01	95.013	93.573	90.047	99.205	101.79	93.738	96.057	103.72	101.75	98.472	100.29	109.91	98.943
95.8	97.288	97.736	93.928	99.155	101.97	105.29	104.65	101.82	94.919	93.924	90.606	101.17	101.36	93.42	96.908	104.08	101.45	99.424	100.48	111.78	98.828
95.953	96.358	98.28	94.369	98.459	104.69	106.06	106.36	100.47	94.513	93.526	91.057	99.734	103.2	94.887	97.058	104.93	103.31	100.02	100.88	109.34	97.529
96.092	96.794	97.669	94.212	98.527	104.49	106.4	106.73	101.98	95.753	94.694	90.838	101.68	101.94	93.906	97.904	104.24	103.2	98.819	101.7	111.52	99.413
100.32	101.79	102.85	96.328	103.59	116.4	117.77	116.32	107.79	100.26	98.734	99.843	107.32	115.94	103.31	104.94	120.86	117.12	99.416	99.834	111.11	100.65
100.42	101.97	103.59	98.094	104.07	115.88	118.45	118.02	110.16	102.07	98.491	102.69	109.31	114.49	104.21	106.37	120.4	116.9	99.665	101.74	112.65	100.04
94.566	96.276	95.534	93.209	96.188	97.522	98.646	98.759	95.014	92.525	93.062	87.25	93.982	97.464	90.619	93.749	98.226	96.677	99.179	100.29	110.63	97.593
94.805	95.517	96.744	93.46	96.74	97.44	98.689	99.675	95.812	92.911	93.59	86.17	96.282	97.38	90.459	93.698	99.101	97.018	98.146	100.76	105.97	97.861
94.47	96.476	95.722	93.261	96.57	97.73	99.611	100.05	95.043	92.844	92.325	87.659	95.744	98.377	91.107	94.134	99.559	98.124	98.97	100.3	110.39	98.143
93.42	96.077	98.014	93.598	97.248	97.007	99.823	99.433	96.577	93.008	92.693	87.247	96.542	97.326	91.413	94.243	99.756	98.171	99.799	101.02	109.99	98.362
93.355	95.508	96.671	92.832	98.101	99.013	101.12	100.69	96.389	92.936	93.984	87.548	96.931	99.181	92.684	94.77	100.68	98.244	98.746	100.29	110	99.671
94.927	95.548	96.935	92.748	97.731	99.45	100.39	101.25	97.721	93.848	93.858	87.593	98.212	99.189	92.338	94.828	100.77	98.735	99.447	100.37	109.46	98.331
95.083	95.889	97.381	93.507	97.537	100.51	102.11	102.31	96.768	93.295	94.258	88.104	97.127	99.77	92.647	95.899	101.29	99.76	98.271	99.831	109.3	97.997
95.3	96.621	97.53	93.967	97.566	99.86	102.09	102.44	98.756	94.306	94.622	88.775	98.855	99.682	92.384	95.431	101.52	99.522	99.899	100.55	111.02	99.271
95.417	96.585	96.777	93.852	97.588	101.94	103.55	103.37	98.112	94.231	94.088	89.574	97.723	100.38	93.084	97.081	102.51	99.763	98.706	99.95	109.68	99.386
95.135	96.935	97.672	94.259	97.614	101.81	103.44	103.78	99.116	94.306	94.731	89.032	99.052	100.21	92.806	95.87	103.11	100.37	100.67	100.18	112.29	97.423
95.41	96.461	97.169	94.217	97.518	103.06	104.89	104.41	98.787	94.633	94.73	90.78	98.021	101.62	93.906	96.709	103.72	101.32	98.775	100.18	110.42	97.429
95.362	96.82	97.676	94.527	98.983	102.94	104.83	104.51	100.8	95.461	95.122	90.02	100.67	100.85	93.63	96.405	103.44	101.84	100.08	100.89	111.96	98.701
95.884	97.198	98.281	94.388	98.217	105.24	106.64	107.02	100.35	94.971	94.642	92.499	99.842	102.39	94.816	97.529	105.6	102.49	99.49	100.07	110.02	97.916
95.977	96.887	98.206	94.383	98.283	104.51	106.6	107.34	102.01	95.907	95.788	90.861	101.4	102.84	95	97.571	105.06	101.66	100.49	101.06	112.09	99.004
100.1	102.61	102.4	96.239	103.44	115.89	119.26	117.94	108.21	100.56	100.34	98.965	107.34	115.41	104.43	105.38	120.35	116.81	98.231	100.47	111.25	99.459
100.68	101.45	103.43	97.856	103.78	115.15	119.2	119.23	110.42	100.44	100.44	102.87	109.22	114.94	104.63	108.73	120.22	116.7	101.07	101	111.37	99.33
93.924	95.022	95.973	93.792	95.599	98.017	99.909	99.735	93.042	92.234	93.197	87.015	94.583	96.593	91.207	94.12	99.012	96.927	98.611	99.568	110.16	99.695
93.75	94.972	96.046	93.505	95.877	97.783	99.737	99.709	94.718	93.311	93.425	85.929	95.422	96.841	90.075	93.48	98.899	96.831	99.862	99.927	109.61	98.427
94.437	94.983	96.376	93.557	96.388	98.582	100.85	100.14	95.639	92.883	93.998	87.07	94.742	98.041	91.268	94.93	99.597	97.984	99.668	100.09	109.41	98.763
94.24	96.173	96.153	93.336	97.064	98.959	100.26	100.84	96.485	93.137	94.161	87.191	95.535	98.121	90.961	93.659	99.953	97.617	97.999	98.862	111.39	98.064
94.823	95.296	96.78	93.422	96.752	99.847	101.43	100.94	96.304	93.237	94.814	87.569	95.917	98.336	92.064	94.612	100.77	98.747	98.192	100.18	110.46	99.149
95.395	95.487	97.259	93.611	97.439	99.596	102.18	101.97	97.487	93.569	94.166	87.813	97.273	99.497	92.561	94.734	100.81	98.59	99.373	99.983	109.92	99.626
94.636	95.746	97.379	93.183	97.214	100.94	102.64	103.06	96.507	93.627	94.497	88.046	96.652	99.866	92.994	94.92	101.44	99.241	98.953	99.748	110.11	99.719
96.064	96.276	97.155	93.72	97.361	100.7	103.06	103.31	98.22	93.944	93.649	88.237	97.837	98.939	92.319	95.695	101.64	99.62	99.028	101.26	111.68	99.216
95.191	96.096	97.439	93.655	96.89	102.04	103.67	103.61	96.918	93.971	94.266	89.022	97.843	100.1	92.522	95.202	102.29	100.11	98.645	99.937	109.46	97.407
95.737	96.244	97.297	94.362	97.566	101.67	103.57	104.48	99.225	95.36	94.601	88.794	99.04	100.63	92.275	95.124	102.4	100.36	99.396	100.68	111.13	97.614
95.594	96.116	97.716	94.756	97.282	103.83	105.84	105.78	98.757	94.332	94.669	90.481	98.791	101.01	94.156	96.156	103.95	100.38	99.739	99.671	110.34	98.261
95.886	97.413	97.407	94.13	98.089	103.85	106.38	106.52	100.49	95.264	94.917	89.797	100.39	101.16	93.489	97.19	103.94	102.47	99.101	100.8	110.4	98.529
95.339	95.98	97.21	93.95	98.27	105.76	107.78	107.4	100.27	95.661	95.839	92.364	99.686	101.72	94.934	96.949	105.18	102.48	98.124	101.38	110.93	98.823
96.297	96.568	97.994	94.515	98.825	106.77	109.25	109.85	101	95.262	94.598	90.672	101.28	103.02	95.742	97.389	104.98	102.47	99.34	99.48	111.37	98.689
99.806	102.82	102.71	96.984	103.48	118.83	121.11	119.95	107.84	100.67	98.851	97.023	107.43	116.21	106.56	105.69	120.75	116.22	98.662	100.77	111.94	98.661
100.52	102.3	103.14	99.108	103.47	117.84	120.88	121.52	109.95	101.71	98.57	102.28	109.26	114.47	105.67	108.13	121.24	117.53	99.884	102.05	113.03	99.863
95.243	96.14	95.935	93.554	96.305	98.907	100.88	101.19	94.512	92.57	94.006	87.368	94.861	97.36	90.469	94.416	98.374	97.418	99.006	100.52	108.15	97.433
94.484	95.401	95.55	93.068	96.938	99.478	101.65	101.97	95.329	92.776	93.741	86.317	95.9	97.333	90.773	93.765	99.345	97.367	98.932	100.63	110.89	99.545
94.208	95.533	96.394	93.525	96.101	100.64	102.38	102.44	95.58	93.352	94.351	86.96	93.387	98.145	91.822	94.154	99.371	98.33	98.766	101.75	111.23	100.06
94.76	96.545	97.071	93.699	97.081	101.25	102.33	103.02	96.544	93.232	94.711	87.182	96.481	98.017	91.04	94.628	100.5	98.416	98.241	99.361	110.42	98.412
94.742	95.724	96.668	94.269	96.279	101.3	103.01	103.61	96.203	93.962	93.936	87.561	96.312	99.277	92.458	95.152	101.04	99.185	97.632	100.17	110.35	97.251
93.597	95.549	96.63	93.49	96.573	101.22	103.49	103.76	97.192	93.226	94.428	87.534	97.457	98.694	92.914	95.772	101.06	99	99.716	100.94	110.63	98.756
94.638	96.186	96.88	94.11	97.291	102.48	104.27	104.46	97.008	94.782	95.303	88.232	96.771	99.678	92.522	96.134	100.63	99.817	98.252	99.434	110.41	98.689
94.69	96.588	96.859	93.368	97.71	102.21	103.99	104.55	98.546	93.924	94.288	88.445	98.228	99.71	92.753	95.423	102.22	100.21	99.584	101.43	111.24	98.208
95.244	95.621	96.996	92.892	97.435	103.48	106.03	105.26	97.392	93.982	94.967	88.875	97.046	100.59	92.748	95.745	102.83	100.94	98.711	99.898	108.98	98.902
95.712	96.043	97.512	93.751	97.44	103.95	105.42	106.52	99.062	93.952	94.867	88.902	98.999	100.94	92.839	96.371	102.43	101.31	98.263	100.23	110.7	99.051
95.478	96.36	97.384	93.782	97.38	106.03	108	107.09	98.092	95.226	95.431	90.091	98.156	101.13	93.738	96.197	104.29	101.92	99.455	99.373	110.26	97.897
95.777	96.219	97.745	94.843	98.255	105.42	107.33	108.05	100.48	95.038	96.05	89.851	100.07	101.49	93.456	96.456	104.14	101.64	98.405	99.389	111.45	98.894
95.941	97.201	97.635	93.988	98.491	107.35	110.26	109.23	99.441	95.442	95.058	90.87	99.188	103.03	94.705	100.14	105.33	103.18	98.392	99.893	110.23	99.385
95.337	96.97	97.949	94.447	98.534	107.84	109.68	109.65	101.58	95.518	94.553	91.384	101.31	102.3	94.291	97.338	105.69	103.01	98.777	99.767	111.54	99.089
99.343	102.01	101.62	95.799	102.6	118.35	120.82	120.48	108.66	100.09	98.121	98.556	107.45	117.02	103.46	105.45	121.96	117.84	99.257	101.01	111.4	98.24
100.07	101.8	103.4	98.916	103.89	118.81	121.77	122.52	110.19	99.532	98.937	102.56	109.38	115.17	104.76	108.25	120.81	117.4	100.13	100.39	113.29	99.477
94.175	95.314	95.987	93.079	95.762	100.42	101.49	101.76	94.654	92.027	92.814	87.306	94.199	97.734	90.699	94.029	99.406	97.859	99.164	99.756	109.01	98.253
94.103	94.606	95.717	92.913	96.09	100.18	101.72	101.6	95.151	92.088	94.047	85.849	95.315	97.079	90.509	94.285	99.5	97.59	97.076	99.723	110.51	98.892
95.265	95.657	96.701	92.514	96.492	101	102.42	102.98	95.546	93.47	93.722	87.016	94.731	98.347	91.726	94.723	100.88	97.935	99.608	100.88	110.47	97.914
93.382	95.278	95.852	92.882	96.504	100.98	102.61	103.24	96.473	92.884	93.95	87.903	96.333	98.058	90.759	94.322	100.53	96.466	98.364	99.965	112.69	98.93
94.745	96.027	96.429	93.481	97.219	102.08	103.48	104.06	95.483	92.417	93.716	87.791	95.449	98.85	92.391	95.486	101.31	99.722	99.701	99.968	110.07	99.837
95.175	95.584	97.189	92.754	96.664	102.24	103.45	104.22	97.196	93.634	93.991	87.629	96.839	98.725	92.477	95.202	101.77	99.449	99.277	99.049	110.51	99.173
94.169	96.033	96.637	93.47	96.798	103.36	105.37	104.85	96.311	93.606	94.192	88.641	96.518	99.394	93.833	95.863	102.91	100.57	99.09	99.88	109.62	98.076
95.777	96.221	97.131	94.146	97.849	102.69	105	104.76	98.472	94.008	93.856	88.316	98.11	99.201	93.092	95.301	102.86	99.911	98.073	100.15	111.84	98.385
95.003	95.896	96.754	94.083	96.981	104.24	106.18	106.54	97.22	94.799	94.203	88.885	97.308	101.05	93.495	96.094	103.2	101.13	98.84	99.449	110.42	98.51
94.704	96.758	97.212	93.874	98.015	104.84	106.79	106.63	99.17	94.284	93.766	88.934	99.198	100.18	94.19	95.674	103.67	99.6	98.625	100.66	111.62	99.165
94.66	96.183	97.309	93.699	97.463	106.36	107.54	108.31	98.162	94.497	95.108	90.361	98.143	102.38	94.272	96.634	104.24	102.09	99.068	99.762	111.07	98.032
95.685	97.131	97.22	93.947	97.812	106.73	108.21	108.83	100.07	94.795	94.809	90.797	100.02	101.42	94.527	96.982	104.87	102.17	99.461	101.54	111.34	99.337
95.52	97.322	98.532	94.091	97.864	106.69	109.4	110.05	99.654	95.009	95.721	91.363	99.117	102.84	95.505	98.562	104.95	103.35	98.666	100.58	110.12	98.437
96.02	97.106	98.434	94.441	99.317	108.28	109.22	110.51	101.89	95.451	95.285	91.711	101.66	101.31	94.557	97.267	106.28	103.19	100.9	100.03	112.65	98.558
100.26	101.74	102.89	96.461	104.02	118.81	121.79	120.96	107.74	99.965	98.975	98.518	106.99	115.91	104.69	105.26	122.05	116.78	98.565	100.38	111.62	99.035
100.85	101.89	102.37	99.567	104.34	118.95	121.91	122.27	110.58	101.79	99.032	103.14	109.9	115.23	105.16	108.3	122.16	117.9	99.977	101.22	111.98	99.039
94.384	95.162	95.794	93.424	95.584	100.36	102.54	102.2	94.537	92.331	93.303	87.095	93.843	97.912	90.816	94.876	99.861	97.875	98.266	99.328	109.99	98.708
94.164	95.404	96.02	93.512	95.903	101.08	101.97	102.93	95.214	92.46	93.231	86.529	95.171	97.775	90.994	94.385	100.49	98.126	97.981	98.361	111.68	99.018
94.484	95.775	96.503	93.114	96.675	101.22	103.48	103.42	94.98	92.555	94.105	87.58	94.66	99.045	91.518	94.687	101.05	98.68	98.996	100.09	111.42	97.455
93.751	95.956	94.503	92.79	96.225	101.38	103.41	104.1	95.95	92.72	93.636	87.152	95.945	98.442	91.284	94.596	100.37	98.501	99.03	99.245	112.69	98.853
93.863	95.1	96.348	92.791	96.373	102.26	104.37	104.24	95.652	92.804	94.249	87.596	95.729	99.992	92.14	95.59	103.18	99.615	99.031	99.923	110.24	99.923
94.035	95.757	96.338	93.82	96.664	102.6	104.41	104.82	97.028	93.051	93.986	88.337	97.246	99.172	92.601	95.787	102.17	100.15	98.655	100.36	110.54	97.529
94.617	96.32	96.016	93.296	94.852	103.88	105.13	105.79	96.576	93.469	94.397	88.17	96.518	100.31	93.231	95.867	102.96	100.24	98.416	100.32	110.9	97.755
94.514	96.567	95.64	93.35	96.476	103.62	105.58	105.72	98.057	94.411	94.89	88.392	98.174	100.22	92.231	95.987	103.04	100.71	99.697	100.51	111.94	98.955
94.899	96.172	97.105	93.738	96.812	104.68	106.96	107.41	97.073	93.693	94.915	88.922	97.282	100.39	92.868	96.205	103.79	102.21	99.895	100.75	110.39	97.682
94.784	96.64	97.107	93.266	97.23	104.46	106.76	107.38	98.942	94.488	94.691	89.686	98.826	100.74	94.413	96.479	104.03	101.58	98.057	99.694	112.38	98.959
95.61	96.04	97.081	93.663	97.293	106.6	108.23	108.76	97.604	94.99	95.496	90.32	98.079	101.93	93.745	97.557	104.86	102.98	98.717	100.97	111.54	98.191
95.225	97.033	97.063	94.062	97.234	106.08	108.63	109	100.53	94.859	94.849	90.101	99.621	101.38	93.312	96.453	104.74	102.61	99.366	101.12	112.58	96.521
95.904	96.546	96.51	93.86	96.741	107.86	110.39	110	99.443	95.389	95.777	91.265	98.551	103.08	94.848	97.523	106.17	103.3	98.916	99.952	110.08	99
95.666	97.217	96.077	94.042	97.254	108.27	110.16	111.01	101.17	95.813	95.547	92.183	101.2	102.32	94.337	96.967	106.67	103.66	99.123	100.86	112.75	98.55
100.15	100.9	102.53	97.095	102.69	119.57	121.69	120.97	107.71	100.92	99.486	99.642	106.43	116.46	104.89	104.92	122.01	117.11	99.779	100.48	110.86	98.144
100.33	101.37	102.74	98.737	102.69	118.8	121.83	123.01	110.39	101.31	99.712	102	109.73	115.72	104.04	105.92	122.65	117.95	99.573	102.03	113.64	100.66
90.785	91.613	94.879	90.9	91.3	102.55	104.8	104.45	94.306	89.774	92.435	87.487	94.47	98.769	90.781	94.998	101.85	99.284	99.856	99.787	110.88	99
90.243	92.606	92.505	88.797	94.173	102.93	105.12	105.07	93.835	90.637	91.923	86.602	94.522	99	91.755	94.91	101.88	99.916	100.28	99.984	110.2	99.454
89.294	93.237	92.731	88.734	92.35	104.05	106.58	106.53	94.395	91.9	92.093	87.721	93.27	99.431	92.058	95.583	102.74	100.18	97.458	99.033	109.95	96.996
90.818	92.041	91.62	90.159	91.591	104.45	106.26	106.05	94.652	89.825	90.847	87.505	94.617	99.351	92.684	95.059	102.25	99.786	95.219	97.884	109.51	96.26
89.656	93.039	91.816	89.081	93.619	103.76	106.77	106.86	94.323	90.972	90.845	87.995	95.079	99.967	92.328	95.253	103.91	101.06	95.718	97.239	107.99	95.887
91.217	93.048	91.736	89.701	94.05	105.64	107.33	106.98	95.466	90.839	91.205	88.196	96.113	101.47	93.302	95.454	104.2	101.85	97.297	98.473	110.54	96.684
90.745	95.16	93.719	90.618	93.414	106.09	108.13	108.3	95.739	91.452	91.072	88.541	95.274	101.47	92.729	96.815	104.46	101.29	96.093	97.484	109.72	97.416
93.012	94.784	94.579	92.658	94.154	106.46	108.11	108.3	96.6	91.714	91.84	88.187	96.455	101.38	93.4	96.372	104.93	101.5	96.553	97.287	109.86	95.99
91.392	92.568	92.239	90.946	93.334	106.93	110.17	108.79	95.674	91.179	93.143	89.212	95.367	102.14	93.587	97.479	105.35	103.76	98.163	97.626	108.69	96.904
91.077	90.841	92.709	90.371	93.4	107.63	109.28	110.12	98.205	91.871	90.895	89.122	97.16	102.68	93.852	97.335	106.28	103.11	96.982	98.08	110.27	97.576
91.381	91.837	93.089	91.187	93.174	109.35	111.77	111.82	98.025	92.609	91.471	90.592	96.506	103.92	94.915	98.078	107.81	104.73	96.724	97.363	109.68	95.223
90.507	91.395	94.751	90.012	93.69	109.52	112.13	110.87	97.625	92.918	90.698	90.821	98.012	103.49	94.714	97.779	108.78	104.52	97.844	97.961	109.53	96.534
91.787	91.494	93.78	89.808	92.2	109.8	113.03	113.26	96.623	91.493	91.234	91.465	97.221	104.95	95.548	98.418	109.01	106.18	95.473	98.111	108.64	96.195
91.45	93.241	94.809	90.781	94.569	110.43	113.21	113.11	99.7	92.571	91.401	91.31	98.492	105.28	94.979	98.848	108.64	107.44	96.443	97.456	109.73	96.492
96.381	98.759	99.694	92.834	98.985	120.9	124.81	122.64	105.52	98.88	96.755	100.34	103.92	116.2	104.21	105.43	123.33	119.49	99.964	101.46	111.74	97.261
95.806	98.235	98.822	96.33	100.44	121.73	124.45	124.78	106.22	100.08	98.153	103.18	104.71	117.09	106.17	107.89	122.67	119.21	100.31	101.05	112.81	99.142
90.646	92.556	90.436	89.98	92.793	103.84	105.86	105.81	93.095	90.036	90.49	88.185	93.497	98.331	90.934	95.587	102.09	99.29	97.779	97.551	107.69	97.145
89.458	90.684	93.917	89.482	93.207	105.18	106.29	107.17	94.122	90.915	92.61	86.657	92.832	99.494	92.257	94.408	102.67	100.05	97.798	98.803	110.09	97.811
89.858	92.259	92.502	90.285	91.785	104.52	105.17	106.77	93.006	91.456	91.448	87.509	94.468	99.146	91.828	95.368	103.25	100.65	97.13	97.394	107.77	95.559
93.292	92.2	93.634	89.08	91.817	105.02	106.29	106.75	94.586	91.526	92.268	87.364	94.192	99.491	92.533	94.714	102.89	100.03	97.126	98.435	109.93	97.747
91.559	93.088	93.456	90.301	93.459	104.99	107.46	107.75	95.364	92.168	91.344	87.628	94.466	100.76	93.187	95.758	104.71	101.62	97.743	99.298	108.95	97.446
91.205	92.47	95.381	91.89	92.727	105.98	108.28	109.06	95.237	92.941	91.9	88.432	94.733	100.55	91.698	96.195	104.34	101.65	96.899	99.046	109.34	96.694
92.734	92.31	92.055	90.623	93.084	106.44	109.43	109.02	94.477	91.428	90.627	88.916	94.438	100.98	93.155	96.42	105.14	102.19	97.673	97.651	110.25	97.752
92.935	92.334	92.818	90.689	93.716	107.72	109.57	109.21	95.749	92.285	91.229	88.352	94.781	101.66	92.752	96.407	105.51	101.26	97.528	99.211	109.37	97.236
91.873	92.822	93.182	91.892	92.899	107.9	110.84	110.47	95.535	93.02	91.485	89.526	95.856	102.65	94.909	97.368	106.37	103.51	97.706	98.735	108.26	97.696
93.224	91.187	93.054	90.63	94.065	107.82	109.98	110.21	96.573	91.805	90.592	90.029	95.587	102.13	93.101	97.098	107.03	102.41	97.513	97.024	110.02	96.289
92.285	92.274	94.121	91.308	93.41	108.95	112.33	111.15	96.101	93.899	90.861	90.33	95.626	104.09	94.792	97.786	107.54	104.77	98.047	99.066	108.62	97.808
92.673	92.722	94.113	91.231	94.205	109.05	112.2	112.56	98.444	92.718	93.458	90.767	97.857	103.65	94.423	97.595	108.64	104.79	97.148	97.463	110.96	97.696
92.189	92.043	93.484	91.539	92.456	109.73	112.93	114.03	96.944	92.714	91.405	91.648	96.955	104.37	94.706	98.252	109.42	106.64	97.315	98.031	108.79	97.891
93.168	95.308	94.418	90.779	93.81	110.54	113.52	114.49	99.344	93.302	92.763	91.443	96.871	105.21	95.843	97.995	110.12	105.63	96.061	97.281	109.95	96.864
96.444	98.365	101.69	93.373	99.525	119.02	121.9	123.16	103.9	99.406	96.749	100.03	104.18	117.81	105.69	106.57	124.18	119.72	96.701	98.429	109.26	97.132
96.809	97.336	98.788	95.807	98.933	121.52	124.91	125.75	104.37	98.282	95.772	103.18	102.77	118	105.85	108.45	123.02	118.47	97.965	100.04	110.8	97.942
90.11	93.035	92.988	90.169	91.771	104.39	106.86	106.02	94.559	89.894	91.149	87.525	92.668	98.518	90.581	94.946	101.99	99.376	96.112	98.206	109.31	98.095
90.532	90.786	90.987	88.753	91.836	105.69	108.2	108.63	92.975	90.279	91.12	86.199	93.671	98.914	91.16	94.75	101.66	99.493	97.303	98.732	108.97	96.57
90.708	91.574	90.053	88.785	92.447	105.11	107.95	108.14	94.768	91.918	93.191	87.351	94.139	99.374	92.304	95.541	103.24	100.27	96.917	99.561	107.93	96.933
90.072	91.22	90.926	88.79	92.827	106.39	109.32	109.01	94.316	90.879	91.681	87.604	94.508	100.53	92.449	94.614	103.05	100.38	98.33	99.059	107.41	97.977
89.612	92.503	93.281	91.015	93.095	105.79	108.8	108.25	94.713	91.694	91.657	87.42	94.764	100.35	92.892	96.069	104.33	101.24	96.069	98.945	109.34	96.796
89.673	90.164	90.723	89.905	93.53	106.99	110.13	109.9	95.091	92.795	91.521	88.649	95.233	102.63	95.41	98.258	105.53	102.44	96.505	98.892	108.42	96.309
92.043	91.38	94.822	91.97	92.495	107.05	109.48	109.75	96.258	92.443	92.905	88.158	94.645	102.92	95.893	99.361	105.76	103.62	96.992	97.783	109.28	99.024
90.788	90.512	94.337	90.17	93.209	107.93	111	110.61	96.119	92.376	92.011	88.409	94.826	103.17	95.91	99.016	106.23	103.87	97.464	97.377	108.85	96.505
90.251	94.056	93.679	90.264	93.007	108.52	109.58	110.92	95.624	92.913	92.475	89.407	95.461	103.61	96.232	99.292	107.19	104.51	96.653	97.617	108.22	96.585
90.577	92.691	92.479	89.791	93.703	109.01	112.27	111.97	96.622	91.923	91.722	88.941	96.458	104.39	96.588	99.421	107.24	104.53	96.917	99.285	109.21	98.023
90.536	93.676	93.205	89.667	94.982	109.78	113	112.4	97.094	92.522	91.63	89.895	95.404	105.95	97.745	100.62	108.88	106.39	96.526	99.879	108.9	97.874
91.772	91.019	94.028	90.618	92.965	111.15	114.29	114.32	98.632	93.508	91.035	90.138	96.557	105.66	96.547	99.659	109.24	105.76	97.38	97.969	109.88	99.218
92.281	92.881	94.554	92.366	94.469	111.54	114.26	114.73	96.848	93.251	92.055	91.555	96.649	106.84	97.816	101.53	110.8	107.86	97.095	98.437	108.94	97.41
91.503	93.13	95.543	90.436	93.42	112	116.43	115.52	99.064	92.435	91.826	91.053	98.187	107.08	97.964	100.89	110.21	107.84	98.316	98.029	108.92	98.442
95.176	98.578	100.92	92.116	99.278	121.86	125.16	123.23	105.42	97.499	97.676	101.9	103.32	121.02	110.33	111.24	125.03	121.69	96.827	98.82	110.53	97.006
97.255	98.901	102.49	95.991	97.595	122.79	126.21	125.57	104.97	98.531	95.814	104.03	103.32	120.31	110.69	113.02	126.14	121.45	98.09	99.394	110.03	97.492
90.926	92.386	91.969	90.078	91.303	104.93	107.11	107.46	94.073	90.656	90.837	87.186	92.178	98.025	90.731	94.61	101.85	99.794	96.314	99.239	107.8	97.287
91.471	90.772	92.781	90.502	93.144	105.94	109.41	108.48	93.575	89.689	89.499	86.317	96.978	98.314	91.744	94.403	101.38	98.813	97.986	98.689	107.84	96.12
89.774	90.505	91.414	90.191	92.201	106.26	108.58	108.86	92.927	93.197	91.781	87.494	92.369	99.646	92.121	95.521	103.18	99.843	98.843	98.239	108.38	98.151
92.736	92.952	94.099	90.01	93.371	106.95	110.44	109.85	94.023	91.653	91.415	87.289	95.684	99.313	91.372	94.704	102.4	100.57	96.643	98.778	108.17	96.884
90.096	92.602	93.588	89.115	93.362	107.75	109.78	109.98	93.483	93.3	92.025	88.034	93.796	100.52	92.512	95.464	103.74	100.99	97.594	98.627	108.51	96.544
91.041	91.083	92.616	90.377	92.439	108.2	110.83	110.72	93.803	93.384	91.049	88.185	94.541	100.91	92.884	96.117	104.58	101.01	96.159	98.173	107.75	96.059
91.885	91.796	94.696	90.159	91.383	107.62	110.55	110.71	95.267	93.26	90.586	88.984	94.584	101.26	93.574	96.638	105.4	102.09	98.764	99.014	107.87	97.808
90.99	92.638	92.341	90.085	92.301	108.69	111.51	111.19	96.839	92.662	92.553	88.65	95.733	101.28	93.101	96.543	105.52	102.71	96.849	97.486	107.83	96.892
91.458	91.104	94.784	92.397	92.781	108.38	111.88	111.41	96.042	94.599	91.775	89.77	94.528	102.96	93.053	96.597	106.46	103.28	96.168	98.403	107.99	96.631
90.588	90.697	92.349	89.935	93.203	109.51	113.41	112.11	97.153	92.994	92.66	89.447	96.792	102.24	94.013	96.74	106.51	104.35	97.205	98.275	109.38	96.406
91.767	91.357	93.53	91.076	93.593	110.03	114.34	112.52	97.266	93.737	92.592	90.245	95.862	103.94	94.912	98.031	108.8	104.91	96.974	98.012	109.17	97.667
91.221	93.184	93.862	90.646	92.377	112.2	115.17	114.74	98.874	93.759	92.379	90.818	97.88	104.13	94.444	97.488	108.51	104.83	98.32	98.576	109.61	98.35
91.129	92.174	93.756	90.665	94.592	111.23	115.54	115.31	96.93	95.257	93.626	92.208	95.708	104.86	95.43	98.13	109.65	106.99	96.243	98.554	109.07	96.682
94.536	93.781	94.017	92.543	94.423	112.86	117	115.56	99.001	93.124	93.81	91.472	96.878	105.25	95.403	98.432	109.54	106.63	96.638	98.884	109.42	97.197
96.94	99.541	101.27	92.909	98.95	122.68	124.7	124.03	103.66	98.359	96.033	100.71	104.41	117.98	106.42	105.51	121.98	118.3	97.695	98.416	108.79	97.263
96.988	98.155	100.23	95.544	98.824	123.85	126.94	127.2	107.17	98.541	97.888	104.44	104.16	117.89	106.19	108.13	123.37	118.8	97.629	99.137	109.37	98.826
90.815	91.35	92.684	89.931	91.643	105.57	108.53	109.05	93.876	89.82	90.292	88.198	92.528	99.62	91.006	95.283	101.54	98.353	95.932	97.55	106.28	97.699
91.814	91.878	92.036	90.999	92.649	106.11	109.51	109.06	93.181	91.297	92.198	86.655	93.386	98.325	91.735	95.167	101.43	99.369	98.637	100.13	108.6	96.865
89.455	93.48	93.556	90.878	92.835	106.98	109.41	109.64	93.172	91.034	90.624	87.25	93.426	99.677	91.777	95.488	102.79	99.019	99.219	98.538	108.34	97.45
91.052	92.182	90.964	88.835	92.11	106.95	110.5	109.87	94.344	89.832	89.951	87.702	94.259	100.68	92.174	94.489	102.64	100.38	97.057	98.882	107.45	97.452
91.844	93.553	93.231	91.676	91.431	107.24	110.01	110.44	91.598	90.25	91.407	87.873	93.397	100.54	93.307	96.395	104.28	100.87	97.34	98.528	108.01	98.217
90.314	90.623	92.449	89.943	93.339	107.85	111.44	110.96	94.427	92.51	91.641	88.084	96.18	101.13	92.505	96.357	103.99	101.63	97.353	99.768	107.3	98.212
91.462	92.938	94.293	91.995	94.21	108.19	111.26	111.6	94.972	92.877	91.863	89.173	94.187	101.82	93.254	95.992	105.53	101.91	97.809	98.287	108.36	96.92
91.284	94.804	93.046	89.929	94.596	108.67	111.66	111.81	94.61	90.21	91.692	88.695	96.423	102.06	93.983	96.169	105.02	102.09	97.554	98.273	108.63	96.382
91.586	93.582	94.153	91.92	92.314	109.69	112.88	111.27	97.035	92.264	93.714	89.544	95.023	103.04	93.036	96.764	106.67	102.77	96.903	97.325	108.72	98.857
94.715	93.565	94.168	91.68	93.617	110.35	113.28	113.65	96.906	91.305	91.291	89.33	96.036	102.69	93.442	97.202	106.1	103.51	97.73	97.524	108.54	96.273
93.7	92.506	94.533	90.646	94.458	111.45	114.71	114.23	95.615	93.274	91.874	90.108	95.664	103.58	94.608	98.265	107.7	104.6	97.689	97.651	108.57	97.008
91.816	94.6	92.598	91.929	93.725	111.58	115.56	114.53	97.35	92.745	91.872	91.241	97.469	103.5	95.569	97.824	108.21	104.78	96.765	98.111	108.81	96.249
91.464	90.892	93.204	90.823	94.651	111.9	115.77	115.55	97.87	94.552	91.892	92.645	97.129	106.19	95.78	98.612	109.51	106.11	96.538	98.257	107.8	97.564
92.128	93.09	93.775	90.463	92.272	112.29	117.52	116	95.713	93.048	93.954	91.822	97.809	104.76	95.275	98.05	109.63	106.2	97.738	99.078	108.72	95.905
94.734	99.362	97.644	92.249	98.413	121.61	126.17	124.82	102.97	97.676	96.482	100.82	101.4	118.14	106.4	105.24	123.04	118.09	98.04	99.569	109.64	97.486
96.991	101.39	99.672	94.817	99.996	125.62	128.42	127.19	106.07	99.528	96.738	105.21	103.08	117.79	104.99	108.69	122.53	118.68	98.041	100.2	109.49	97.321
89.997	91.656	91.523	89.294	92.074	106.31	109.55	109.42	93.369	91.874	90.951	87.498	91.6	97.938	90.762	94.439	102.09	98.775	97.735	98.921	107	97.037
90.116	91.906	91.722	90.138	91.236	106.54	110.23	109.79	92.207	90.426	92.732	86.203	93.006	98.7	90.791	95.012	101.48	98.931	96.808	99	108.01	95.914
89.7	92.544	93.175	89.308	92.483	106.96	110.8	110.53	93.279	91.706	91.403	87.566	93.069	99.528	91.185	95.755	103.44	100.28	96.833	99.48	107.45	97.32
89.85	90.852	90.276	89.399	91.886	107.51	111.09	110.41	93.798	90.255	90.046	87.03	93.631	99.787	91.459	95.393	102.99	99.881	97.941	97.92	108.02	97.736
89.886	91.456	93.775	88.989	92.938	108.03	111.52	111.37	93.859	91.612	89.92	88.308	94.13	100.3	92.47	95.392	104.09	100.45	97.665	98.208	108.07	96.346
90.756	92.74	95.04	90.008	93.001	107.88	111.85	111.28	93.861	91.024	91.951	88.543	94.783	101.03	92.471	96.007	104.4	101.29	96.503	98.479	108.28	97.354
91.628	92.564	92.859	90.696	94.657	108.81	112.42	111.49	95.403	90.626	91.56	89.214	93.946	102.04	93.076	96.578	105.44	102.58	96.169	99.968	107.65	97.502
92.86	91.715	93.651	90.446	94.075	109.53	112.4	112.67	96.422	91.811	90.867	88.685	96.068	101.71	92.435	96.018	105.81	101.33	97.604	98.374	108.39	95.991
93.569	93.405	94.321	91.511	92.448	109.58	113.39	112.51	95.945	93.439	92.864	89.386	94.737	102.62	93.933	97.126	106.62	103.31	97.37	101.16	107.23	98.224
92.166	93.632	94.614	91.615	93.564	109.81	113.95	114.21	98.028	93.522	93.364	90.475	97.397	102.22	93.351	96.742	106.12	103.76	97.306	98.759	108.54	97.067
92.328	92.543	94.706	91.746	94.329	111.48	114.99	114.06	96.219	95.234	93.689	91.246	96.146	103.81	94.599	97.462	107.92	104.96	97.48	97.493	108.06	96.347
92.957	93.875	94.232	90.659	93.644	112.29	116.43	115.21	97.985	93	92.346	92.086	97.033	103.77	94.76	97.546	108.32	104.75	96.673	99.514	108.54	96.271
93.038	94.453	96.317	91.882	94.582	112.77	116.74	115.3	100.37	94.483	93.693	92.588	96.884	103.99	94.232	98.272	109.59	105.51	97.996	98.267	109.74	97.933
91.398	93.57	92.637	91.941	94.947	113.16	118.21	117.16	99.565	94.163	93.488	92.696	98.177	105.24	95.817	98.957	109.69	106.33	96.354	98.073	108.26	97.061
98.999	100.16	100.66	94.961	99.489	121.99	127.48	125.75	108.12	100.13	98.926	103.27	105.98	117.45	106.68	105.11	124.26	118.88	99.014	100.29	108.89	97.949
98.548	99.669	99.038	95.225	98.204	124.16	127.93	127.83	109.34	101.75	99.861	108.48	107.66	116.9	106.8	109.22	123.62	119	98.57	100.04	109.07	97.819
91.662	93.122	93.68	92.182	93.213	106.26	110.36	109.41	92.735	90.12	91.216	87.972	92.273	98.433	90.964	95.415	102.24	99.091	96.006	99.119	106.94	97.466
91.9	90.731	94.447	90.599	93.325	106.71	110.38	110.13	93.603	89.516	90.897	86.669	92.843	98.917	91.884	94.902	103.01	99.373	96.745	99.096	107.96	96.686
89.942	92.816	93.808	90.839	92.274	107.43	111.31	111.01	92.997	92.854	91.014	87.131	91.887	99.519	91.153	96.092	103.42	100.21	97.121	99.478	107.26	98.132
90.111	92.999	93.402	90.042	93.489	107.91	111.64	110.98	93.864	89.817	89.967	87.725	94.128	99.953	92	95.483	104.12	101.08	97.633	97.451	108.13	96.574
90.445	93.289	92.222	90.12	90.941	108.53	112.27	112.15	92.401	91.672	91.741	88.093	92.737	100.92	92.546	96.026	104.82	101.15	96.122	97.729	108.57	97.773
90.164	91.983	94.66	91.112	93.508	108.78	112.08	111.6	94.757	92.046	93.094	88.613	93.489	100.91	91.718	96.41	104.76	101.73	96.956	99.198	107.73	97.621
91.365	92.305	94.391	90.247	92.354	109.45	113.15	112.55	94.289	92.134	92.536	89.092	93.836	102.25	92.84	96.639	106.17	102.58	97.075	98.966	109.28	97.132
90.407	92.98	93.465	91.078	94.192	110.01	113.67	113.07	95.042	91.098	91.457	89.159	95.445	101.33	93.161	97.117	105.96	102.46	97.125	99.906	108.42	96.464
91.6	93.987	92.97	90.091	92.791	110.27	113.5	113.35	94.731	92.584	92.162	90.479	94.628	102.09	93.2	97.393	106.7	102.87	97.754	99.093	109.37	97.156
92.725	93.42	91.584	90.445	93.492	111.67	114.97	113.75	96.769	92.497	92.11	89.971	94.603	102.31	93.294	97.116	107.01	103.55	96.788	97.42	108.23	96.681
92.278	92.475	95.671	91.554	95.22	112.84	115.31	114.75	95.852	93.614	91.465	90.884	95.752	103.41	94.279	98.37	108.71	104.89	96.678	98.937	107.27	98.247
91.186	94.009	94.335	91.344	94.774	113.27	116.01	115.54	96.969	92.406	93.2	91.704	95.83	104.2	94.586	97.392	108.88	105.3	98.172	98.436	108.86	97.329
93.238	92.851	93.216	90.831	94.562	113.07	116.83	116.83	98.165	94.663	93.601	92.306	96.274	105.5	94.618	98.724	109.63	106.62	98.398	97.386	108.35	97.823
93.549	94.44	92.97	92.327	94.735	114	117.03	117.9	97.081	95.152	94.681	93.067	97.288	105.31	95.565	98.925	109.76	106.92	97.231	98.262	108.41	95.628
98.837	99.346	99.438	94.284	99.335	123.88	128	127.47	105.29	102.36	99.192	104.29	104.52	118.38	105.76	105.27	122.27	119.9	98.436	99.654	108.56	98.124
97.856	99.778	101.88	97.352	99.453	124.98	128.95	128.14	107.75	100.99	100.89	106.95	107.18	119.62	105.8	108.52	123.75	119.87	96.201	100.12	110.21	98.051
93.21	92.552	92.321	89.666	94.536	106.63	110.9	110.51	93.601	90.313	90.88	87.963	92.445	98.398	90.818	94.67	102.58	99.402	97.226	98.175	106.84	97.156
91.427	92.336	92.353	89.968	91.634	107.35	110.8	110.23	91.99	89.657	91.319	86.505	92.664	99.294	91.568	94.173	102.34	100.21	96.103	98.599	106.76	97.291
89.927	90.81	94.328	89.592	93.495	107.84	111.71	111.46	91.456	90.581	91.399	87.459	92.062	98.815	91.327	95.043	103.58	100.44	96.554	98.298	107.18	96.964
90.774	93.032	92.464	90.194	93.95	108.33	112.11	111.2	92.793	90.729	90.722	87.635	93.133	99.72	91.706	95.175	104.22	101.15	96.678	99.532	108.31	96.811
90.596	92.409	92.654	90.468	92.621	109	112.57	112.13	92.501	91.705	90.996	88.332	92.748	100.85	92.034	95.933	105.02	102.27	96.53	97.845	106.78	96.386
91.152	93.177	95.039	91.454	91.524	109.34	112.75	112.29	94.241	91.959	93.78	88.757	94.115	100.5	92.679	96.175	105.06	103.11	97.415	98.657	107.37	97.242
92.005	92.977	92.672	91.499	93.543	110.21	113.6	113.23	93.342	91.651	92.066	89.312	93.961	102.46	93.275	96.616	106.69	103.37	96.189	98.561	107.83	96.618
90.828	92.376	92.94	90.93	92.382	110.27	114.31	113.33	94.726	92.672	92.015	88.91	94.155	102.24	92.784	96.689	106.66	103.49	97.621	97.277	107.4	96.249
90.537	91.788	92.297	90.732	95.169	111.44	114.88	113.97	95.868	91.716	92.946	89.754	94.993	102.37	93.664	96.931	106.89	104.25	96.488	98.619	109.56	97.129
92.987	93.676	93.334	91.059	92.646	111.12	115.53	114.18	96.119	92.401	92.985	90.595	94.647	102.5	93.787	97.184	107.67	104.62	96.942	98.451	107.64	96.719
91.863	93.789	93.631	91.059	92.732	111.66	114.81	115.51	95.862	92.966	93.901	90.828	95.128	103.59	94.909	97.728	109.14	105.26	97.597	98.177	107.95	97.436
93.774	92.501	95.301	91.329	94.498	113.5	115.94	115.22	97.055	92.492	93.456	91.736	96.224	105.77	94.48	97.953	108.72	105.84	97.41	98.444	108.61	97.041
91.484	93.802	95.238	91.415	94.641	112.99	116.94	116.05	96.65	93.227	92.332	92.915	96.494	105.12	95.371	98.2	110.42	106.85	96.873	99.451	107.9	97.587
91.924	94.94	93.687	92.019	94.88	112.81	118.26	118.06	97.552	94.554	94.11	92.647	97.516	104.6	95.391	99.797	110.86	107.37	97.938	98.978	109.41	98.065
97.388	99.926	101.2	92.702	98.889	121.15	125.66	125.43	106.18	101.26	100.08	103.4	105.71	118.03	106.83	105.81	124.3	119.99	98.441	99.323	109.04	98.903
96.395	99.227	100.41	97.58	99.928	123.8	127.77	126.84	108.22	100.66	100.04	107.89	107.46	117.78	106.16	109.39	123.7	120.73	98.773	100.14	108.88	98.625
91.23	90.516	92.105	91.508	91.363	106.73	110.21	110.08	90.999	92.303	91.003	88.213	91.454	98.235	90.61	94.883	102.78	99.733	97.429	97.655	108.3	97.876
91.65	92.508	92.337	90.099	92.865	107.09	110.4	110.01	91.627	89.391	90.851	86.584	91.651	99.196	91.638	94.822	102.78	100.06	97.659	98.532	108.5	96.723
90.666	92.12	93.875	90.335	92.746	107.76	111.33	111.39	91.47	91.05	90.616	87.645	92.62	99.956	91.828	95.489	104.24	100.64	97.501	97.597	107.29	96.022
92.499	92.098	91.031	91.44	92.615	108.28	111.44	111.07	92.902	90.175	93.537	87.235	92.921	99.085	91.563	94.781	104.52	101.19	96.402	97.416	108.21	97.708
91.466	92.241	94.269	88.89	93.204	108.61	112.54	111.96	93.081	91.072	92.988	88.612	92.09	100.53	92.547	95.895	105.29	102.17	97.146	100.39	107.52	96.571
90.938	93.938	92.228	90.872	92.431	109.38	112.34	112.2	93.887	90.718	92.221	88.557	93.237	100.88	93.048	96.547	105.63	102.41	97.504	97.548	106.48	96.488
91.351	93.828	94.278	90.327	94.067	109.31	113.26	112.73	93.334	91.044	91.208	89.137	93.222	101.34	93.375	96.641	106.55	102.71	97	97.638	107.33	97.134
90.662	92.642	91.611	91.471	91.515	110.93	113.66	113.05	95.223	92.075	91.499	89.165	93.697	101.73	92.869	96.393	106.93	103.03	98.872	99.392	108.05	96.911
91.133	92.097	93.57	91.172	93.073	110.45	114	113.98	93.979	92.856	91.644	90.095	93.636	101.91	93.592	97.129	107.92	104.23	96.754	99.311	107.05	96.658
92.355	92.297	93.156	90.665	93.039	111.32	115.29	114.48	96.657	91.777	90.715	89.999	95.645	102.43	93.782	97.363	107.98	104.22	97.78	98.458	107.45	97.213
92.954	93.562	93.649	90.745	92.373	111.85	115.44	115.93	95.227	93.432	92.339	91.059	95.363	103.52	94.568	97.897	109.36	105.83	96.114	98.896	107.67	97.234
90.409	93.843	92.088	90.633	93.405	112.92	117.28	116.14	97.561	93.598	94.227	91.727	95.952	103.28	94.535	98.595	109.78	106.1	97.666	99.105	107.64	96.954
91.076	92.984	94.252	91.225	95.099	112.41	117.56	116.69	96.349	94.794	92.517	93.121	94.56	105.12	95.017	98.825	110.66	106.98	99.184	97.533	108	97.041
93.71	94.495	94.519	91.36	94.01	114.75	118.71	117.38	98.024	95.613	93.772	92.596	97.292	105.32	95.847	98.688	110.94	107.94	99.618	98.253	108.95	95.604
95.211	98.922	99.953	93.507	99.799	121.68	126.2	125.18	105.61	100.57	99.068	101.94	106.01	116.14	106.7	105.35	124.53	120.12	98.457	99.458	108.61	96.848
96.464	98.688	100.29	96.073	97.02	124.07	129.43	128.4	106.92	100.92	99.828	106.65	105.62	117.29	104.53	109.71	125.89	119.64	97.956	99.936	109.06	97.204
90.526	92.641	92.796	90.234	93.449	107.99	112.04	110.94	90.676	90.362	90.5	87.995	90.336	98.53	91.52	94.864	102.85	99.84	96.379	98.599	107.18	96.8
90.214	93.827	90.872	90.65	92.084	108.09	111.11	110.81	91.342	89.353	89.328	86.431	91.478	99.314	90.95	95.052	102.99	99.872	96.641	98.117	107.83	97.159
91.436	91.344	91.424	90.406	93.71	108.97	112.93	112.59	90.508	90.031	92.527	87.213	92.128	98.868	91.185	95.189	104.09	100.78	96.455	98.83	107.34	97.76
90.099	91.02	92.399	90.422	93.523	108.85	112.67	111.37	93.469	89.822	92.213	88.008	93.05	100.94	91.998	95.799	104.15	101.15	98.644	98.4	107.84	96.97
90.42	93.886	91.893	90.53	93.651	109.85	113.59	113.34	92.469	90.182	92.133	88.641	92.044	100.53	91.553	95.547	105.19	101.98	97.762	98.314	107.22	97.338
91.447	91.72	92.375	90.195	93.615	109.33	112.97	112.55	93.913	91.023	92.157	88.833	93.552	100.94	92.581	96.187	105.07	102.15	97.485	98.831	108.62	98.197
90.847	94.498	93.958	90.556	93.061	110.4	114.54	114.21	93.466	91.889	91.858	89.082	93.328	101.28	92.845	96.799	106.5	103.37	96.717	97.807	108.04	98.137
91.161	92.843	95.896	90.203	92.227	110.42	114.57	113.43	94.388	92.15	91.932	89.101	94.388	101.99	92.522	96.153	106.99	103.91	96.432	99.37	107.78	97.276
91.891	94.166	93.788	91.513	93.726	111.2	114.8	114.26	93.82	91.366	93.105	89.859	93.679	102.9	93.42	97.508	108.01	104.41	97.397	99.929	108.52	96.816
91.405	94.345	94.633	90.707	92.533	111.33	115.42	115.5	96.098	92.631	92.557	90.214	95.255	103.59	93.574	97.272	108.26	104.5	96.625	100.39	109.18	96.672
94.804	94.418	94.332	92.239	93.407	112.3	117.01	116.01	95.112	93.977	92.981	92.077	95.177	103.99	94.603	98.031	109.69	105.72	97.223	99.325	108.91	96.158
92.69	92.194	95.42	91.228	93.863	113.71	117.77	116.7	97.218	93.8	93.387	91.256	97.292	104.12	95.282	98.41	109.95	106.41	98.563	98.946	107.72	95.972
93.544	94.055	94.83	90.9	93.243	113.97	118.43	117.96	96.348	94.399	93.253	92.798	95.931	104.73	95.106	99.052	110.86	107.47	95.767	100.1	108.13	97.628
91.597	94.352	93.207	91.975	94.441	113.57	119.08	117.51	98.109	93.701	94.331	92.829	96.869	105.57	95.129	98.919	111.27	107.28	96.738	98.816	108.3	96.967
97.018	99.928	99.861	93.632	98.609	124.31	128.44	127.3	105.17	100.27	100.55	102.6	104.56	118.77	107.29	105.86	125.25	120.89	97.352	99.919	108.42	97.265
97.289	99.614	98.89	95.273	98.233	126.02	129.39	129.11	106.23	101.46	100.74	107.57	107.81	117.69	105.52	109.44	125.88	119.91	101.11	99.081	109.11	96.473
92.183	89.882	90.964	90.085	92.19	108.65	112.35	112.01	90.999	90.305	90.293	87.748	90.906	98.466	90.575	95.136	102.77	100.02	96.94	99.192	106.69	96.055
90.91	91.553	93.298	89.727	92.579	108.34	111.53	111.4	91.973	89.593	91.384	86.349	92.058	99.432	91.223	94.655	102.9	100.54	96.664	97.496	107.79	97.308
92.138	92.758	94.464	89.689	93.874	109.41	112.85	113.06	90.786	90.756	91.882	87.1	91.692	99.933	92.229	95.492	104.48	100.32	98.178	98.262	108.46	96.709
91.197	93.285	92.584	90.788	92.286	109.93	113.31	112.36	93.231	90.761	91.406	87.439	93.397	99.754	91.643	94.883	104.53	101.62	97.147	98.453	108.69	97.656
90.637	91.398	93.161	90.171	93.147	110.1	114.49	114.2	92.475	90.619	92.903	88.655	92.045	100.76	92.212	95.808	105.5	102.18	96.562	99.553	107.14	97.335
91.872	93.111	91.454	90.627	91.152	110.47	113.81	113.29	93.909	90.34	93.274	88.828	93.14	100.47	91.888	96.172	106.2	102.65	96.703	98.085	107.97	96.731
91.653	93.027	94.154	90.308	93.577	111.26	115.23	114.98	92.265	91.741	93.13	89.599	92.593	101.37	93.312	96.817	106.58	103.06	96.131	98.273	106.95	96.479
90.552	93.25	92.97	91.104	93.497	111.81	115.09	114.84	94.567	91.579	93.202	89.182	94.489	102.15	92.626	96.339	107.48	104.3	98.072	97.173	107.96	95.995
91.577	91.241	93.78	90.182	93.361	112.44	115.49	115.72	93.697	92.942	92.676	90.309	94.185	102.43	93.159	96.849	107.96	104.24	97.44	97.975	107.33	96.634
90.258	93.133	94.133	91.55	94.702	113.31	116.75	116.29	95.631	92.21	93.889	90.054	95.013	102.74	93.765	96.981	108.59	104.15	96.637	97.896	109	98.099
92.993	93.947	92.819	91.964	94.413	113.37	117.99	116.85	94.729	93.406	93	91.218	94.294	103.64	94.725	97.156	109.12	105.43	96.968	97.531	107.66	98.884
91.981	92.048	95.398	91.764	93.652	114.8	118.42	117.49	96.437	92.66	93.659	91.539	96.216	104.55	94.687	97.989	110.21	106.66	97.389	97.749	107.9	97.964
93.419	96.427	93.786	90.911	95.254	114.68	118.77	118.64	94.904	93.746	94.608	93.022	95.152	105.17	95	98.261	110.8	106.93	96.695	97.94	107.8	97.983
91.219	92.977	95.512	90.77	94.651	115.73	119.76	119.04	97.485	93.266	94.739	93.044	98.538	106.51	95.166	98.557	111.63	107.83	96.633	99.69	108.24	97.134
95.487	97.996	99.238	92.69	99.984	123.72	128.93	128.63	104.78	99.71	100.39	102.8	105.03	117.34	105.84	105.88	124.72	120.72	97.267	98.962	109.32	97.245
96.483	99.515	100.47	95.213	99.256	126.41	130.65	130.14	106.45	100.22	100.51	109.01	105.23	118.42	105.3	109.34	125.55	120.14	97.537	99.773	109.41	98.982
93.248	93.756	95.295	92.448	94.049	109.53	112.64	112.82	91.532	92.817	92.562	87.802	90.754	98.255	91.201	94.326	102.45	99.941	97.609	97.083	107.54	97.541
93.166	94.559	93.708	90.748	95.372	109.27	112.07	112.37	92.412	91	92.434	86.254	92.642	98.427	91.434	93.542	102.19	99.592	95.896	96.977	108.14	96.566
93.638	94.371	94.284	91.813	94.829	110.01	114.01	114.19	92.357	91.352	93.076	87.668	92.208	98.819	90.7	93.967	103.86	100.58	97.282	98.801	108.27	96.899
93.289	94.853	94.517	91.931	94.392	110.26	113.53	112.71	93.795	91.268	93.215	87.667	93.764	99.027	91.309	95.131	103.95	101.19	97.119	97.567	107.45	96.543
92.097	94.9	95.145	92.061	96.038	111.44	115.82	114.7	92.561	92.384	92.947	89.134	92.648	101.18	91.127	94.981	105.44	102.02	98.601	99.276	109.55	97.93
93.411	94.833	94.996	92.661	95.317	111.29	114.54	113.58	95.142	92.564	93.213	88.654	93.771	100.38	92.754	95.923	105.85	102.32	97.949	101.24	107.42	96.885
93.375	94.314	95.053	92.378	95.766	112.33	116.27	115.61	93.386	92.842	93.814	88.76	93.649	101.81	92.828	96.054	106.63	102.99	97.22	98.78	108.39	98.042
93.926	95.233	96.014	92.787	95.833	112.65	116.5	115.6	96.456	92.719	94.237	88.887	95.58	101.48	92.069	95.62	107.18	103.56	98.836	97.885	108.58	99.372
94.016	95.636	96.251	92.263	97.11	113.6	116.37	116.47	94.227	93.281	93.755	89.909	94.456	102.34	93.236	96.377	108.19	103.98	97.405	100.01	109.22	97.072
93.795	94.643	95.982	92.836	96.498	114.13	116.77	116.83	96.903	92.949	94.295	90.033	96.526	102.72	93.309	96.999	108.6	103.96	97.538	99.179	109.12	97.373
93.95	95.326	97.536	93.293	96.957	114.48	118.35	118.71	95.5	94.13	94.456	91.573	95.16	104.24	93.932	98.324	109.68	105.23	97.445	99.324	108.63	96.913
94.857	95.969	96.882	93.854	97.377	115.75	119.02	118.78	97.875	93.858	94.644	91.208	97.758	103.09	94.188	97.213	111.01	105.55	97.451	99.352	107.65	96.55
96.252	96.113	96.827	93.588	96.648	116.29	119.62	119.32	96.566	94.942	95.832	92.879	96.732	105.22	95.379	98.324	112.04	107.34	97.319	98.416	109.18	97.482
94.595	96.257	97.413	93.304	97.05	117.85	120.98	120.33	99.301	95.041	94.971	92.263	98.617	104.95	95.025	99.091	112.33	107.22	96.523	97.6	108.18	96.958
100.16	101.19	102.88	95.738	103.76	126.57	129.93	130.12	106.26	103.57	101.34	102.52	105.75	118.82	106.92	106.36	126.11	120.6	98.566	99.287	111.26	98.643
98.508	101.38	102.79	96.682	103.32	127.54	132.22	131.05	108.25	103.75	102.13	106.71	107.86	117.63	104.47	108.18	128.34	120.57	97.986	99.966	109.7	97.6
92.369	94.869	94.848	91.999	97.995	150.09	155.4	156.74	120.84	113.81	100.55	92.557	118.48	138.77	106.81	100.1	128.44	127.23	109.99	130.21	140.02	96.999
93.085	94.731	95.269	93.066	97.983	136.98	144	145.57	116.66	110.38	97.584	93.424	114.18	138.75	105.53	102.36	126.8	125.71	NaN	NaN	NaN	NaN
93.277	93.106	95.036	93.183	97.899	127.58	132.97	134.6	108.7	98.512	95.388	93.173	107.9	135.9	103.08	101.58	124.6	122.5	103.01	117.48	141.44	97.086
93.337	93.128	95.142	93.306	96.919	119.88	124.33	124.68	97.539	95.983	94.896	93.101	96.944	129.67	100.43	100.29	119.45	117.47	NaN	NaN	NaN	NaN
93.296	93.115	94.192	93.298	96.92	114.57	118.03	117.59	95.337	94.663	93.859	92.772	95.974	123.7	95.746	99.191	115.55	113.73	97.275	102.82	124.69	97.309
93.422	93.242	93.48	93.339	96.946	111.67	114.55	113.92	94.841	94.363	93.76	92.749	93.363	118.51	94.798	97.965	111.28	110.08	NaN	NaN	NaN	NaN
93.468	93.345	92.397	93.29	97.15	111.45	114.7	113.46	94.932	94.283	93.245	92.788	93.405	118.2	94.544	97.248	111.11	109.7	96.476	97.286	111.93	96.419
93.42	93.34	93.366	93.365	97.12	111.32	114.56	113.21	94.884	94.304	93.485	92.769	93.223	118.07	94.595	97.317	110.81	109.49	NaN	NaN	NaN	NaN
93.413	93.262	92.517	93.313	97.05	111.23	114.54	113.04	94.89	94.213	93.277	92.804	93.225	118.21	94.429	97.164	110.8	109.41	95.28	95.612	102.97	95.691
